399.2123,0.00248220836735051
401.1409,7.73278235582566E-4
403.0695,7.57071103814624E-4
404.998,0.00337529745411304
406.9266,0.0045188843223451
408.8552,0.00478298819057715
410.7837,0.00406278954087557
412.7123,0.00353903840910762
414.6408,0.00329294375940604
416.5694,0.0030699706276381
418.498,0.00397184449587015
420.4265,0.00516046684616857
422.3551,0.00508212771440062
424.2837,0.00400363158263268
426.2122,0.00282991193293109
428.1408,0.00205434680116315
430.0693,0.00195060915146157
431.9979,0.00241533201969362
433.9265,0.00326375488792568
435.855,0.0037649402382241
437.7836,0.00287231610645615
439.7121,0.00209885645675457
441.6407,0.00214892732498663
443.5693,0.00187310719321868
445.4978,0.0019829335435171
447.4264,6.50317411749155E-4
449.3549,-8.88760237952431E-4
451.2835,-7.39839369720373E-4
453.2121,6.58358498511685E-4
455.1406,0.0022815438488101
457.0692,0.00321665371704216
458.9978,0.00314853758527421
460.9263,0.00322073593557263
462.8549,0.00325363780380468
464.7834,0.0026427311541031
466.712,0.00169836202233516
468.6406,0.00108560089056721
470.5691,0.00123113024086563
472.4977,0.00192234910909768
474.4263,0.00125822497732974
476.3548,0.00112745832762816
478.2834,0.00146610819586021
480.2119,0.00117511354615863
482.1405,7.14878414390685E-4
484.0691,0.00112374428262274
485.9976,0.00139829963292116
487.9262,0.00124014550115321
489.8548,0.00152714136938527
491.7833,0.00179447471968369
493.7119,0.00187113958791574
495.6404,0.00178844293821416
497.569,0.00162243680644622
499.4976,0.00179698267467827
501.4261,0.00217448302497669
503.3547,0.00174184189320875
505.2832,0.00122826924350716
507.2118,0.00146542911173922
509.1404,9.63724979971275E-4
511.0689,5.96439330269687E-4
512.9975,0.00115658719850175
514.9261,0.0021732490667338
516.8546,0.00303895241703222
518.7832,0.00361311728526428
520.7117,0.00404014763556269
522.6403,0.00489459450379475
524.5688,0.00754504685409316
526.4974,0.0133945797223252
528.426,0.0206944325905573
530.3546,0.0278241554587893
532.2831,0.0342228788090877
534.2117,0.0376780216773198
536.1403,0.0328631345455519
538.0688,0.0221879678958503
539.9974,0.0133698407640823
541.9259,0.00844612411438075
543.8545,0.00630087198261281
545.783,0.00592347333291122
547.7116,0.00606687620114328
549.6402,0.00613791006937534
551.5687,0.00735638941967375
553.4973,0.0106748822879058
555.4258,0.0127024656382042
557.3544,0.0106596085064363
559.283,0.00797631137466833
561.2115,0.00840172472496675
563.1401,0.0094679875931988
565.0687,0.00806238046143086
566.9973,0.00700044332966292
568.9258,0.00921004667996134
570.8544,0.0136270895481934
572.7829,0.0158448228984918
574.7115,0.0131414057667239
576.64,0.00869764911702228
578.5686,0.00605303498525434
580.4972,0.0056960368534864
582.4257,0.00735262820378481
584.3543,0.0125345210720169
586.2828,0.0188253944223153
588.2114,0.0170840172905473
590.14,0.0091389801587794
592.0685,0.00377629550907781
593.9971,0.00195800337730987
595.9257,0.00116499247751725
597.8542,3.58938779199184E-4
599.7828,3.02706780093023E-4
601.7114,9.80128780986869E-4
603.6399,0.0033335080826688
605.5685,0.00876130608356265
607.497,0.0132779453852446
609.4256,0.00957806038613843
611.3541,0.00406741768782036
613.2827,0.0035927446887142
615.2113,0.00718322968960805
617.1398,0.01214481899129
619.0684,0.0141936439921838
620.9969,0.00958149329386576
622.9255,0.0034620272947596
624.8541,0.00115207629565344
626.7827,0.00127101429654729
628.7112,0.00228859059822922
630.6398,0.00316731759912307
632.5684,0.00333571160001691
634.4969,0.00277051390169884
636.4255,0.00318864190259268
638.354,0.00651065120427462
640.2826,0.0144181462051685
642.2111,0.0201089555068504
644.1397,0.0188969905077442
646.0682,0.0191889698094262
647.9968,0.02114897481032
649.9254,0.0183627298112139
651.8539,0.0128424491128958
653.7825,0.00806180411378964
655.7111,0.00426916911468348
657.6396,0.00184163641636542
659.5682,6.1970241725926E-4
661.4968,6.13234418153103E-4
663.4254,0.00174998541904695
665.3539,0.00349749372072888
667.2825,0.00838992772162273
669.211,0.00989759702330466
671.1396,0.00584327202419851
673.0681,0.00476638132588044
674.9967,0.00526168632677428
676.9252,0.00624113562845621
678.8538,0.00804915062935006
680.7824,0.0122908256302439
682.7109,0.0194218749319258
684.6395,0.0214604299328197
686.5681,0.0165913249337135
688.4966,0.0174762442353955
690.4252,0.0296240292362893
692.3538,0.0572888542371831
694.2823,0.0983593435388651
696.2109,0.144265898539759
698.1395,0.186429253540653
700.068,0.191318812842335
701.9966,0.138522467843229
703.9251,0.0853258871449105
705.8537,0.0495719621458043
707.7822,0.0274589014474863
709.7108,0.0165391364483801
711.6393,0.012311345750062
713.5679,0.0102345807509559
715.4965,0.0100528057518497
717.425,0.0112904950535317
719.3536,0.0137410100544255
823.496,0.0122030661184549
825.4245,0.0329027354201368
827.3531,0.0524155004210306
829.2817,0.0526959854219245
831.2102,0.0370059247236064
833.1388,0.0233270097245003
835.0673,0.0211218190261822
836.9959,0.028821154027076
838.9244,0.045392243328758
840.853,0.0600372483296518
842.7816,0.0610475933305457
844.7101,0.0466947226322276
846.6387,0.0307515676331214
848.5673,0.0192087626340153
850.4958,0.0129138219356972
852.4244,0.0119389069365911
854.353,0.0103636419374849
856.2815,0.00944278123916683
858.2101,0.00848874624006067
860.1387,0.00471930124095451
862.0672,0.00249590054263645
863.9958,0.00202565554353029
865.9243,2.85848452122282E-5
867.8529,-3.07220153893926E-4
869.7814,0.00305137914778801
871.71,0.00718024262645769
873.6385,0.0130968117634355
875.5671,0.0253979417440294
877.4957,0.0434672017246233
879.4243,0.0604657917052172
881.3528,0.0683775208421949
883.2814,0.0635710208227888
885.21,0.0482514108033828
887.1385,0.0292223799403605
889.0671,0.0148461299209544
890.9956,0.00759089905793219
892.9242,0.00466366903852609
894.8528,0.00270614901911998
896.7813,0.00184298815609776
898.7099,0.00460402813669166
900.6384,0.0121128072736694
902.567,0.0259176572542633
904.4955,0.0505664063912411
906.4241,0.084373806371835
908.3527,0.108336156352429
910.2813,0.106809126333023
912.2098,0.0898560954700006
914.1384,0.0719562154505945
916.067,0.0544766254311884
917.9955,0.0356319645681662
919.9241,0.0196961645487601
921.8526,0.00915007368573784
923.7812,0.00379360366633174
925.7097,0.00219345280330951
927.6383,0.00311446278390341
929.5669,0.00532604276449731
931.4954,0.00960881190147508
933.424,0.018279461882069
935.3525,0.0325651810190468
937.2811,0.0459167009996407
939.2097,0.0478431209802346
941.1382,0.0407014001172123
943.0668,0.0373389400978062
944.9954,0.0404511900784001
946.924,0.041733810058994
948.8525,0.0355042091959718
950.7811,0.0260181291765657
952.7096,0.0182413283135435
954.6382,0.0134739082941374
956.5667,0.0118390874311151
958.4953,0.0141895174117091
960.4239,0.021877257392303
962.3524,0.0381659565292807
964.281,0.0611592565098746
966.2095,0.0707636156468524
968.1381,0.0532674156274463
970.0667,0.0288415456080402
971.9952,0.013307544745018
973.9238,0.00584156472561187
975.8524,0.00210642470620577
977.7809,6.58363198987575E-4
979.7095,7.87695476125325E-4
981.6381,0.00293743775326307
983.5666,0.00648163022213176
985.4952,0.0102370824992695
987.4237,0.0131840249681382
989.3523,0.0158648872452759
991.2808,0.0192935897141446
993.2094,0.0257683919912824
995.138,0.0375697242684201
997.0665,0.0521953667372888
998.9951,0.0590508390144266
1000.924,0.0679803107163715
1002.852,0.0867798641438949
1004.781,0.0954338656541089
1006.709,0.0990647690816323
1008.638,0.103755270591846
1010.566,0.10177897401937
1012.495,0.0963414755295836
1014.424,0.0927467770397976
1016.352,0.090307780467321
1018.281,0.088042081977535
1020.209,0.0873794854050584
1022.138,0.0895485869152724
1024.066,0.0975110903427958
1025.995,0.11030029185301
1027.924,0.119275993363224
1029.852,0.115362296790747
1031.781,0.102863398300961
1033.709,0.0901074017284845
1035.638,0.0815979432386985
1037.566,0.0786991866662219
1039.495,0.0719741281764359
1041.423,0.0572270916039593
1043.352,0.0474751931141733
1045.281,0.0485851346243873
1047.209,0.0592821480519106
1049.138,0.0796756595621246
1051.066,0.105548522989648
1052.995,0.114389624499862
1054.923,0.0999714279273854
1056.852,0.0860901294375994
1058.781,0.0796842609478134
1060.709,0.0681525943753368
1062.638,0.0505304058855508
1064.566,0.0364592793130741
1066.495,0.0294196108232881
1068.423,0.0271090742508115
1070.352,0.0277124857610255
1072.28,0.0310745591885489
1074.209,0.0374595006987629
1076.138,0.0461361722089769
1078.066,0.0568202556365003
1079.995,0.0689007571467143
1081.923,0.0791626405742376
1083.852,0.0893330620844517
1085.78,0.107786965511975
1087.709,0.133408667022189
1089.637,0.152985470449712
1091.566,0.157242471959926
1093.495,0.15362597347014
1095.423,0.144986876897664
1097.352,0.129452778407878
1099.28,0.112882481835401
1101.209,0.104879583345615
1103.137,0.109148286773139
1105.066,0.126813088283353
1106.995,0.158981789793567
1108.923,0.20772929322109
1110.852,0.270093894731304
1112.78,0.334285098158827
1114.709,0.375818199669041
1116.637,0.372692303096565
1118.566,0.327069504606779
1120.495,0.268886206116993
1122.423,0.216526509544516
1124.352,0.17187901105473
1126.28,0.135711714482253
1128.209,0.110747015992467
1130.137,0.0938927194199908
1132.066,0.0798570309302048
1133.994,0.0654484543577281
1135.923,0.0524413058679421
1137.852,0.0428215573781561
1139.78,0.0371816108056795
1141.709,0.0352811523158935
1143.637,0.0370483157434169
1145.566,0.0417711372536309
1147.494,0.0483927306811543
1149.423,0.0547845721913683
1151.351,0.0590231956188916
1153.28,0.0597915071291057
1155.209,0.0579420386393197
1157.137,0.055795632066843
1159.066,0.054684013577057
1160.994,0.0545566470045804
1162.923,0.0552614185147944
1164.851,0.0546955819423178
1166.78,0.0511832334525318
1168.708,0.0446094268800551
1170.637,0.0371544883902691
1172.566,0.0308000699004831
1174.494,0.0265046833280065
1176.423,0.0247144348382205
1178.351,0.0267376682657439
1180.28,0.0317872897759579
1182.208,0.0348306132034813
1184.137,0.0328538547136953
1186.066,0.0298102562239093
1187.994,0.0295859696514326
1189.923,0.0336244011616466
1191.851,0.03988756458917
1193.78,0.044240636099384
1195.708,0.0431292095269074
1197.637,0.0364210110371214
1199.566,0.0267490425473354
1201.494,0.0182514259748588
1203.423,0.0120337374850728
1205.351,0.00783511091259614
1207.28,0.00493075242281014
1209.208,0.00297570585033351
1211.137,0.00162287736054751
1213.065,7.94860788070891E-4
1214.994,1.55213523118057E-5
1216.923,-3.33566851758033E-4
1218.851,-2.93252775784288E-4
1220.78,2.58259020145878E-4
1222.708,0.00132520309611962
1224.637,0.00309902489204978
1226.565,0.00517632896802352
1228.494,0.00768747076395368
1230.422,0.0104859848399274
1232.351,0.0138848366358576
1234.28,0.0177639984317878
1236.208,0.0222135625077615
1238.137,0.0265491343036917
1240.065,0.0303792183796654
1241.994,0.0320671601755956
1243.922,0.0302495742515693
1245.851,0.0252439160474995
1247.78,0.0199363478434296
1249.708,0.0157001519194034
1251.637,0.0131459737153335
1253.565,0.0116041677913073
1255.494,0.0114055195872374
1257.422,0.0125067236632112
1259.351,0.0148293754591414
1261.28,0.0174679572550715
1263.208,0.0206640713310453
1265.137,0.0254510131269754
1267.065,0.0336958872029492
1268.994,0.0471087689988793
1270.922,0.0689768930748531
1272.851,0.0984636148707832
1274.779,0.125047618946757
1276.708,0.141506520742687
1278.637,0.160144522538617
1280.565,0.185443726614591
1282.494,0.197210828410521
1284.422,0.177537732486495
1286.351,0.141750834282425
1288.279,0.110857838358399
1290.208,0.092927140154329
1292.136,0.0879113442303028
1294.065,0.0937160460262329
1295.994,0.102359247822163
1297.922,0.102375951898137
1299.851,0.089151153694067
1301.779,0.0708855577700407
1303.708,0.0556259895659709
1305.636,0.0460096736419446
1307.565,0.0407475254378748
1309.494,0.038445177233805
1311.422,0.0373656513097787
1313.351,0.0364103931057089
1315.279,0.0354746671816826
1317.208,0.0363273389776128
1319.136,0.0389412330535865
1321.065,0.0430395248495167
1322.994,0.0481112466454469
1324.922,0.0549039007214206
1326.851,0.0643230425173507
1328.779,0.0776996365933245
1330.708,0.0923903983892546
1332.636,0.103691702465228
1334.565,0.105935304261159
1336.493,0.0958935083371323
1338.422,0.0754723401330625
1340.351,0.0542249719289926
1342.279,0.0393172860049664
1344.208,0.0306882978008965
1346.136,0.0252382918768703
1348.065,0.0223786436728004
1349.993,0.0210181577487742
1351.922,0.0209506495447043
1353.85,0.0216910836206781
1355.779,0.0245037254166082
1357.708,0.0299451072125384
1359.636,0.0408468312885121
1361.565,0.0610487130844423
1363.493,0.0947130471604161
1365.422,0.134704048956346
1367.35,0.18691355303232
1369.279,0.25016925482825
1371.208,0.30025975662418
1373.136,0.297918460700154
1375.065,0.279754962496084
1376.993,0.267647766572058
1378.922,0.213299668367988
1380.85,0.144017972443962
1382.779,0.099339174239892
1384.708,0.0748590860358222
1386.636,0.0576179801117959
1388.565,0.0410195919077261
1390.493,0.0290209359836998
1392.422,0.02124131777963
1394.35,0.0158129318556037
1396.279,0.0114741236515339
1398.207,0.00865021772750763
1400.136,0.00590517952343779
1402.065,0.00362625131936795
1403.993,0.00258009539534169
1405.922,0.00137776719127185
1407.85,3.012112672456E-4
1409.779,-6.56969368242402E-5
1411.707,-2.19192860850495E-4
1413.636,-3.18438373294663E-5
1415.564,0.00100484677441938
1417.493,0.00289329519768883
1419.422,0.00426086362095828
1421.35,0.00427596423270712
1423.279,0.00516170265597658
1425.207,0.00651424326772541
1427.136,0.00807605169099487
1429.064,0.0111331323027437
1430.993,0.0149348107260132
1432.922,0.0207097391492826
1434.85,0.0296140297610314
1436.779,0.0455127481843009
1438.707,0.0585447387960498
1440.636,0.0685260572193192
1442.564,0.074656347831068
1444.493,0.0766109162543375
1446.422,0.088933244677607
1448.35,0.108247265289356
1450.279,0.0929846137126253
1452.207,0.0583816243243741
1454.136,0.0380829927476435
1456.064,0.0298361133593924
1457.993,0.0227485717826618
1459.921,0.0173975823944107
1461.85,0.0148485508176801
1463.779,0.0140133892409496
1465.707,0.0138197398526984
1467.636,0.0129907082759679
1469.564,0.0126341488877167
1471.493,0.0131404773109862
1473.421,0.013564217922735
1475.35,0.0134027363460045
1477.278,0.0139228269577533
1479.207,0.0149629353810228
1481.136,0.0181155938042922
1483.064,0.023020494416041
1484.993,0.0323366028393105
1486.921,0.0490047234510593
1488.85,0.0657103318743288
1490.778,0.0598932624860777
1492.707,0.0432167709093471
1494.635,0.0312039915210959
1496.564,0.0206261099443654
1498.493,0.0119555283676348
1500.421,0.00641367897938368
1502.35,0.00284444740265313
1504.278,0.00161098801440198
1506.207,0.00302206643767143
1508.135,0.00304641704942027
1510.064,0.00128637547268972
1511.993,9.75073895959179E-4
1513.921,0.00164948450770801
1515.85,0.00353464293097747
1517.778,0.00453214354272631
1519.707,0.00537283196599576
1521.635,0.0067555125777446
1523.564,0.00619617100101406
1525.493,0.00571029942428352
1527.421,0.00515153003603235
1529.35,0.0038183284593018
1531.278,0.00346583907105065
1533.207,0.0039827174943201
1535.135,0.00418916810606894
1537.064,0.0049347165293384
1538.992,0.00883095714108723
1540.921,0.0155319355643567
1542.85,0.0216694839876261
1544.778,0.028428894599375
1546.707,0.0347143830226444
1548.635,0.0392332036343933
1550.564,0.0402820820576627
1552.492,0.0378211126694116
1554.421,0.032407821092681
1556.349,0.0269867117044299
1558.278,0.0206367401276993
1560.207,0.0113617185509688
1562.135,0.00654059916271761
1564.064,0.00377828758598707
1565.992,0.0015412181977359
1567.921,5.81856621005364E-4
1569.849,7.91072327542032E-5
1571.778,-9.50935343976344E-4
1573.707,-0.00106833292070689
1575.635,7.84934691041954E-4
1577.564,0.00274918120451301
1579.492,0.00169871022813695
1581.421,1.04616595652821E-4
1583.349,5.08561927676371E-6
1585.278,0.00140645198679263
1587.207,0.0038472183543085
1589.135,0.00784612737793245
1591.064,0.0141106937454483
1592.992,0.0231720227690723
1594.921,0.0338932891365881
1596.849,0.0411406281602121
1598.778,0.0421614645277279
1600.706,0.0437454335513519
1602.635,0.0531431299188677
1604.564,0.0675473862863836
1606.492,0.0776689753100075
1608.421,0.0763694316775234
1610.349,0.0641107407011474
1612.278,0.0478387170686632
1614.206,0.0342480060922872
1616.135,0.022975762459803
1618.063,0.013087711483427
1619.992,0.00806607785094285
1621.921,0.00540751421845871
1623.849,0.00329290324208266
1625.778,0.00137102960959852
1627.706,5.82948633222474E-4
1629.635,-1.10524999261664E-4
1631.563,-2.42475975637715E-4
1633.492,7.81945110072336E-4
1635.421,0.00403760301457968
1637.349,0.00608986170814637
1639.278,0.00791136961265371
1641.206,0.0116819283062204
1643.135,0.0167728262107277
1645.063,0.0234239849042944
1646.992,0.0327501428088018
1648.92,0.0377778715023685
1650.849,0.0405522194068758
1652.778,0.0446152573113832
1654.706,0.0429260960049498
1656.635,0.0385935139094572
1658.563,0.0353759826030239
1660.492,0.0338055605075313
1662.42,0.0329567792010979
1664.349,0.0309493671056053
1666.277,0.029029035799172
1668.206,0.0276747037036793
1670.135,0.0250007816081867
1672.063,0.0214571203017534
1673.992,0.0185230382062607
1675.92,0.0146422768998274
1677.849,0.0108289048043347
1679.777,0.00820522349790142
1681.706,0.00629974140240877
1683.635,0.0058071593069161
1685.563,0.0030756480004828
1687.492,0.00122813590499013
1689.42,2.69098598556835E-4
1691.349,-8.31058496935832E-4
1693.277,-9.78911803369127E-4
1695.206,3.95290101138205E-4
1697.135,0.00119291721057255
1699.063,0.00185610310786099
1700.992,0.00303197106733676
1702.92,0.00277031696462519
1704.849,0.00399356492410098
1706.777,0.0050991608213894
1708.706,0.00580694878086519
1710.634,0.00652064467815361
1712.563,0.0074080526376294
1714.492,0.00844782059710521
1716.42,0.00960898649439361
1718.349,0.0101988944538694
1720.277,0.00960133035115782
1722.206,0.0100352183106336
1724.134,0.011356464207922
1726.063,0.0125373821673978
1727.991,0.0144108580646863
1729.92,0.016575806024162
1731.849,0.0182353239836379
1733.777,0.0200493398809263
1735.706,0.0200576978404021
1737.634,0.0202697737376905
1739.563,0.0221442716971663
1741.491,0.0231939275944547
1743.42,0.0231443855539305
1745.349,0.0215823835134063
1747.277,0.0200244294106947
1749.206,0.0182960873701705
1751.134,0.0160049632674589
1753.063,0.0127665012269347
1754.991,0.0107927971242231
1756.92,0.00940025508369893
1758.849,0.00759987304317473
1760.777,0.00631713894046313
1762.706,0.00461351389993894
1764.634,0.00278346279722734
1766.563,0.00223828175670315
1768.491,0.00211329565399155
1770.42,0.00207888161346736
1772.348,0.00229525851075576
1774.277,0.00169827447023157
1776.206,0.00111371342970736
1778.134,7.43341326995778E-4
1780.063,8.26422286471567E-4
1781.991,4.77838183760002E-4
1783.92,3.58154143235777E-4
1785.848,2.71117040524209E-4
1787.777,0
1789.705,5.57924082817699E-4
1791.634,0.0014097329032302
1793.563,0.00110640472364272
1795.491,6.43952806460407E-4
1797.42,6.20030626872926E-4
1799.348,0.00115652070969061
1801.277,0.00207133953010313
1803.205,0.00253078861292082
1805.134,0.00320825343333333
1807.063,0.00399353525374584
1808.991,0.00429355333656354
1810.92,0.00368946815697604
1812.848,0.00233618523979374
1814.777,0.00114381006020625
1816.705,7.00093143023944E-4
1818.634,3.9675496343645E-4
1820.563,3.57037783848968E-4
1822.491,7.09904866666653E-4
1824.42,0.00147103368707917
1826.348,0.00144800676989687
1828.277,0.00147083059030939
1830.205,0.00149608167312707
1832.134,6.29310493539594E-4
1834.062,1.95026576357277E-4
1835.991,1.76466396769798E-4
1837.92,1.06921317182316E-4
1839.848,0
1841.777,3.29421185330293E-4
1843.705,0.00112910560151318
1845.634,0.00106723618684347
1847.562,6.99041903026363E-4
1849.491,4.48100188356655E-4
1851.419,2.59973804539545E-4
1853.348,1.79418189869838E-4
1855.277,1.19093475200129E-4
1857.205,1.92302291383019E-4
1859.134,2.7412607671331E-4
1861.062,3.26244292896199E-4
1862.991,3.86810278226491E-4
1864.919,6.45922494409385E-4
1866.848,0.00133557227973967
1868.776,0.00196192499592257
1870.705,0.00162808658125286
1872.634,0.00139594616658315
1874.562,0.00170285988276604
1876.491,0.00224010746809633
1878.419,0.00284571418427922
1880.348,0.00335856976960951
1882.276,0.0036785864857924
1884.205,0.00372891107112269
1886.134,0.00342433065645298
1888.062,0.00332786137263588
1889.991,0.00326923595796616
1891.919,0.00291570367414906
1893.848,0.00322506125947934
1895.776,0.00361492798936397
1897.705,0.00367808498936397
1899.634,0.00354921098936397
1901.562,0.00315788798936397
1903.491,0.00256159498936397
1905.419,0.00202577998936397
1907.348,0.00172623198936397
1909.276,0.00155383998936397
1911.205,0.00119798158936397
1913.133,9.80932389363966E-4
1915.062,0.00103017688936397
1916.991,0.00146317158936397
1918.919,0.00160726708936397
1920.848,0.00151705238936397
1922.776,0.00171208198936397
1924.705,0.00138908388936397
1926.633,0.00116367898936397
1928.562,0.00118985358936397
1930.49,0.00134338298936397
1932.419,0.00142927958936397
1934.348,0.00147708108936397
1936.276,0.0015695141478295
1938.205,0.00166133330134298
1940.133,0.0020124007758759
1942.062,0.00292807372938938
1943.99,0.00351415220392229
1945.919,0.00428995815743577
1947.848,0.00558775911094925
1949.776,0.00674310258548216
1951.705,0.00686400853899564
1953.633,0.00571228301352855
1955.562,0.00419652496704203
1957.49,0.00316246744157494
1959.419,0.00279510039508842
1961.348,0.0029249593486019
1963.276,0.00337743582313481
1965.205,0.00418063977664829
1967.133,0.00488746525118121
1969.062,0.00451739720469469
1970.99,0.0034353646792276
1972.919,0.00235224763274108
1974.847,0.00160618910727399
1976.776,0.00114610246078747
1978.705,9.0787091430095E-4
1980.633,7.80600188833863E-4
1982.562,7.22215942347341E-4
1984.49,7.29436216880257E-4
1986.419,7.53570670393735E-4
1988.347,7.04716744926648E-4
1990.276,6.55256898440126E-4
1992.204,6.04581972973038E-4
1994.133,2.21691126486517E-4
1996.062,0
1997.99,-1.73316358297307E-5
1999.919,-4.30836583261134E-6
2001.847,9.40454833765672E-6
2003.776,2.44156983347735E-5
2005.704,2.11988025050434E-5
2007.633,-1.54042074978402E-5
2009.562,-2.75234575007194E-5
2011.49,-2.19926433304499E-5
2013.419,-5.49151333333314E-6
2015.347,1.03199780836936E-4
2017.276,1.70761770834053E-4
2019.204,7.30519050043234E-5
2021.133,-1.27442499855968E-6
2023.062,-2.97835950014399E-5
2024.99,-5.32948808311734E-5
2026.919,-5.71607508340535E-5
2028.847,-3.78524366637864E-5
2030.776,-1.19810066666667E-5
2032.704,3.78430750360131E-6
2034.633,4.04195375007192E-5
2036.561,9.39748516709882E-5
2038.49,1.38795481668108E-4
2040.419,1.95610501665226E-4
2042.347,1.68445925835495E-4
2044.276,8.5716955832614E-5
2046.204,-4.08302999711872E-6
2048.133,0
2050.061,1.3907715473104E-5
2051.99,-6.98367023871296E-6
2053.918,-1.51928547656088E-5
2055.847,-1.53248404774252E-5
2057.776,-9.430926189242E-6
2059.704,3.85153892838615E-5
2061.633,6.87824035720446E-5
2063.561,1.41644619045149E-4
2065.49,1.95901733333333E-4
2067.418,1.29791348806437E-4
2069.347,1.0909276309462E-4
2071.276,7.98176773828029E-5
2073.204,3.75645928559079E-5
2075.133,7.66450714409072E-6
2077.061,-1.09089773828045E-5
2078.99,-8.00048630946217E-5
2080.918,-1.05394647621517E-4
2082.847,-7.3944633333334E-5
2084.775,-5.5800417860229E-5
2086.704,7.30859642795404E-6
2088.633,4.32385107161371E-5
2090.561,3.5392326189241E-5
2092.49,-8.21765952257591E-6
2094.418,-3.3115444049471E-5
2096.347,-3.4637829761288E-5
2098.275,-6.88841428818365E-6
2100.204,0
2102.133,-2.2719202869159E-5
2104.061,-3.72892826160437E-5
2105.99,4.83760145147984E-5
2107.918,1.78155804767912E-4
2109.847,2.04659181898755E-4
2111.775,2.2642988915187E-4
2113.704,2.54826479282711E-4
2115.633,2.62879106413551E-4
2117.561,2.49495336666667E-4
2119.49,2.39587953797508E-4
2121.418,2.66764314050625E-4
2123.347,3.04512381181465E-4
2125.275,3.30633901434581E-4
2127.204,3.05081798565421E-4
2129.132,2.40163218818538E-4
2131.061,2.26378455949378E-4
2132.99,2.27837243080218E-4
2134.918,2.12730003333334E-4
2136.847,1.75153610464175E-4
2138.775,1.67104970717289E-4
2140.704,1.64321807848132E-4
2142.632,7.24823081012464E-5
2144.561,6.82416523208659E-6
2146.49,3.88221323629279E-5
2148.418,7.33774026160424E-5
2150.347,4.65748797468836E-5
2152.275,0
2154.204,1.11290069395621E-5
2156.132,4.39362074317754E-5
2158.061,3.89013843713378E-5
2159.989,4.2126102763552E-5
2161.918,3.67939818031139E-5
2163.846,4.11799922953281E-5
2165.775,5.251722923489E-5
2167.704,5.89515161744528E-5
2169.632,4.8990876666666E-5
2171.561,6.03651236062292E-5
2173.489,9.59470940984425E-5
2175.418,9.05865510380053E-5
2177.346,6.97549215302185E-5
2179.275,9.78430784697813E-5
2181.204,1.02131435409343E-4
2183.132,1.17967705901557E-4
2185.061,9.41755628411194E-5
2186.989,4.9638233333333E-5
2188.918,2.24981902728957E-5
2190.846,-3.41695392348908E-5
2192.775,-7.75176822953288E-5
2194.704,-5.9906025355762E-5
2196.632,-5.54108548635529E-5
2198.561,-5.95431979239858E-5
2200.489,-5.48142274317768E-5
2202.418,-2.58222704922102E-5
2204.346,0
2206.275,-4.37842944575597E-5
2208.203,-7.52095847189414E-5
2210.132,-6.00609791765114E-5
2212.061,3.23246263659299E-5
2213.989,4.78546361045475E-5
2215.918,2.80974164698807E-6
2217.846,-4.0851848614392E-5
2219.775,-1.02321243071952E-4
2221.703,-1.65226933333344E-4
2223.632,-2.37510427790893E-4
2225.561,-3.08797022248461E-4
2227.489,-3.39354612509845E-4
2229.418,-4.10076406967415E-4
2231.346,-4.57254497228785E-4
2233.275,-5.12483191686355E-4
2235.203,-5.87922981947726E-4
2237.132,-6.10643576405296E-4
2239.06,-6.60276166666666E-4
2240.989,-7.05917861124237E-4
2242.917,-7.20255351385608E-4
2244.846,-6.28073445843178E-4
2246.775,-4.31340740300748E-4
2248.703,-2.18871030562118E-4
2250.632,3.53477498031031E-6
2252.56,1.5987248471894E-4
2254.489,1.41864290261371E-4
2256.417,0
2258.346,-1.15989895031633E-4
2260.275,-2.43385790063265E-4
2262.203,-3.55557559177313E-4
2264.132,-4.20866954208945E-4
2266.06,-4.87399823322993E-4
2267.989,-6.15480718354624E-4
2269.917,-7.01849787468673E-4
2271.846,-7.27925282500305E-4
2273.774,-7.30496851614353E-4
2275.703,-7.01833846645985E-4
2277.632,-6.79836441677618E-4
2279.56,-6.69964410791663E-4
2281.489,-7.03140405823297E-4
2283.417,-6.88353474937344E-4
2285.346,-5.27316969968977E-4
2287.274,-2.75500439083023E-4
2289.203,1.17607658853425E-5
2291.132,2.93712770853711E-4
2293.06,5.91163001739665E-4
2294.989,9.40857209192141E-4
2296.917,0.00124602549176227
2298.846,0.00156041202240427
2300.774,0.0019489253049744
2302.703,0.00244520183561639
2304.632,0.0030625643662584
2306.56,0.00385220764882852
2308.489,0.00469654117947052
2310.417,0.00556694446204064
2312.346,0.00634830999268264
2314.274,0.00698138827525277
2316.203,0.00787138280589477
2318.131,0.00916073308846489
2320.06,0.0103283376191069
2321.989,0.0110746421497489
2323.917,0.011351952432319
2325.846,0.011446246962961
2327.774,0.0119773372455311
2329.703,0.0128601817761731
2331.631,0.0131292620587433
2333.56,0.0127695965893853
2335.489,0.0129256511200273
2337.417,0.0135406414025974
2339.346,0.0141984259332394
2341.274,0.0147522362158095
2343.203,0.0148885907464515
2345.131,0.0139329910290217
2347.06,0.0110817455596636
2348.989,0.00976729009030565
2350.917,0.0114282903728758
2352.845,0.0139044906554459
2354.774,0.0161377151860879
2356.703,0.0177283997167299
2358.631,0.0185816399993
2360.56,0.018760674529942
2362.488,0.0185428548125122
2364.417,0.0177827193431542
2366.345,0.0164806396257243
2368.274,0.0149466141563663
2370.203,0.0132212786870083
2372.131,0.0114387289695784
2374.06,0.00982196095112119
2375.988,0.00824188772819823
2377.917,0.00651908866957873
2379.845,0.00468345444665576
2381.774,0.00302926638803626
2383.703,0.00179552832941676
2385.631,0.00102475410649379
2387.56,6.41802047874294E-4
2389.488,4.48486824951331E-4
2391.417,2.83091766331827E-4
2393.345,2.01791543408865E-4
2395.274,1.51714484789364E-4
2397.202,9.97132618663997E-5
2399.131,5.10492032468977E-5
2401.06,-1.10564553726013E-5
2402.988,-3.38407782955671E-5
2404.917,-2.89231369150697E-5
2406.845,1.04903401619665E-5
2408.774,3.12147815424661E-5
2410.702,2.0219258619501E-5
2412.631,0
2414.56,-2.72334893587599E-5
2416.488,-3.71644943269762E-5
2418.417,-4.78289836857351E-5
2420.345,-2.1966688653955E-5
2422.274,5.07525219872861E-5
2424.202,8.74838170190698E-5
2426.131,8.73140276603113E-5
2428.06,7.56182383015499E-5
2429.988,2.78235333333356E-5
2431.917,-5.69619560254267E-5
2433.845,-1.04379560993644E-4
2435.774,-1.46285350352403E-4
2437.702,-2.04118955320619E-4
2439.631,-2.2663274467938E-4
2441.559,-2.05293349647594E-4
2443.488,-2.32919439006355E-4
2445.417,-3.20784728365116E-4
2447.345,-3.87759733333333E-4
2449.274,-3.78478122692094E-4
2451.202,-3.57013627660309E-4
2453.131,-3.19852017019069E-4
2455.059,-2.49355921987285E-4
2456.988,-1.98404611346046E-4
2458.917,-1.52758600704806E-4
2460.845,-9.8601905673023E-5
2462.774,-2.75012950317847E-5
2464.702,0
2466.631,9.75668600565818E-7
2468.559,2.61541911831913E-5
2470.488,5.46318597837575E-5
2472.417,1.16261528384324E-4
2474.345,1.66554050966949E-4
2476.273,1.9027057354958E-4
2478.202,2.35028242150147E-4
2480.131,3.20621910750711E-4
2482.059,3.63909433333337E-4
2483.988,3.88403101933903E-4
2485.916,4.50034624516527E-4
2487.845,5.30427293117093E-4
2489.773,5.6065881569972E-4
2491.702,5.50553484300286E-4
2493.631,5.14831152900852E-4
2495.559,4.46710675483478E-4
2497.488,3.55903344084044E-4
2499.416,3.1827826666667E-4
2501.345,2.62710735267235E-4
2503.273,1.29272257849861E-4
2505.202,2.57315264504243E-5
2507.131,-3.42810494900932E-6
2509.059,1.80651176336158E-5
2510.988,3.72149862341818E-5
2512.916,3.37269088168078E-5
2514.845,1.4694877417374E-5
2516.773,0
2518.702,8.72732994181003E-6
2520.63,3.98415175145474E-5
2522.559,8.2205847456357E-5
2524.488,1.00454677398167E-4
2526.416,1.07653564970904E-4
2528.345,6.09496949127136E-5
2530.273,4.1997824854513E-6
2532.202,-2.01384875727385E-5
2534.13,-4.08631000000017E-5
2536.059,-3.49550700581916E-5
2537.988,-2.07898401163812E-5
2539.916,-5.06986525436442E-5
2541.845,-7.66227226018327E-5
2543.773,-1.06824435029096E-4
2545.702,-1.47562305087285E-4
2547.63,-1.76497517514549E-4
2549.559,-2.00620887572738E-4
2551.488,-1.97530457630928E-4
2553.416,-1.96067070058191E-4
2555.344,-2.45113892485453E-4
2557.273,-2.46530232543644E-4
2559.202,-2.20306622601833E-4
2561.13,-2.25703165029094E-4
2563.059,-2.12570405087284E-4
2564.987,-1.62020917514548E-4
2566.916,-8.55737875727365E-5
2568.844,0
2570.773,3.18616017994308E-5
2572.702,4.6981103598861E-5
2574.63,1.06191955526963E-4
2576.559,1.77947557326393E-4
2578.487,1.88147909254494E-4
2580.416,1.62474511053924E-4
2582.344,1.08909462982025E-4
2584.273,2.60150647814553E-5
2586.202,-5.09330334191142E-5
2588.13,-8.93292814910136E-5
2590.059,-8.34268796915828E-5
2591.987,-6.96200277634819E-5
2593.916,-9.51182596405087E-6
2595.844,1.06830025964049E-4
2597.773,1.5595732776348E-4
2599.701,1.29328079691581E-4
2601.63,1.00134181491011E-4
2603.559,4.30313832904469E-5
2605.487,1.40423521854428E-6
2607.416,-8.42962982021412E-7
2609.344,-3.37094110539234E-5
2611.273,-8.652630925449E-5
2613.201,-1.34984857326393E-4
2615.13,-1.5014095552696E-4
2617.059,-1.09487453727531E-4
2618.987,-2.9753701799428E-5
2620.916,0
2622.844,-1.13093625530546E-5
2624.773,-5.82954058439434E-5
2626.701,-8.61626683969982E-5
2628.63,-1.87112116878888E-5
2630.559,2.9828345021219E-5
2632.487,5.13149824681696E-5
2634.416,7.67547391772768E-5
2636.344,7.45063766242234E-5
2638.273,9.20125333333313E-5
2640.201,8.43528707802806E-5
2642.13,3.42395274893891E-5
2644.058,3.70704649363379E-5
2645.987,9.1953121645446E-5
2647.916,1.03749178354554E-4
2649.844,1.13119915801501E-4
2651.773,9.36775725106105E-5
2653.701,1.05869909957559E-4
2655.63,1.53918966666666E-4
2657.558,2.19900804113613E-4
2659.487,3.27075660822723E-4
2661.416,3.81855817531831E-4
2663.344,3.59740954978779E-4
2665.273,3.24212111687889E-4
2667.201,2.47972649134835E-4
2669.13,1.59632605843944E-4
2671.058,8.65784432908905E-5
2672.987,0
2674.916,-6.55105492366193E-5
2676.844,-9.746577102418E-5
2678.772,-1.63359392811736E-4
2680.701,-2.48488642048357E-4
2682.63,-2.96327091284977E-4
2684.558,-3.23728213072536E-4
2686.487,-3.46788762309156E-4
2688.415,-3.00594784096714E-4
2690.344,-2.84915833333335E-4
2692.272,-3.12982455120894E-4
2694.201,-3.56541404357513E-4
2696.13,-3.43219053594133E-4
2698.058,-2.95260975381692E-4
2699.987,-2.7928072461831E-4
2701.915,-2.72716346405869E-4
2703.844,-2.9548249564249E-4
2705.772,-3.26503617430049E-4
2707.701,-3.23228666666668E-4
2709.63,-3.27715915903287E-4
2711.558,-3.25995037690848E-4
2713.487,-2.75674586927463E-4
2715.415,-2.40140908715027E-4
2717.344,-2.23920757951643E-4
2719.272,-2.16024179739205E-4
2721.201,-1.80054828975821E-4
2723.129,-1.19181650763384E-4
2725.058,0
2726.987,1.5263021309558E-4
2728.915,2.7976388839277E-4
2730.844,3.85797201488351E-4
2732.772,4.28902876785542E-4
2734.701,4.02679189881123E-4
2736.629,3.23021865178312E-4
2738.558,1.64117178273894E-4
2740.487,5.00977913694741E-5
2742.415,8.56641666666658E-5
2744.344,2.89724479762247E-4
2746.272,6.20553155059437E-4
2748.201,8.77033468155018E-4
2750.129,8.07169143452209E-4
2752.058,5.01161456547789E-4
2753.987,2.06163769643372E-4
2755.915,4.37792449405616E-5
2757.844,-5.65318419638583E-5
2759.772,-1.53434066666668E-4
2761.701,-1.56456153571087E-4
2763.629,-1.15362778273896E-4
2765.558,-1.52309965178316E-4
2767.486,-1.43182989881125E-4
2769.415,-1.17226176785544E-4
2771.344,-9.17987636899626E-5
2773.272,-7.40238839277117E-6
2775.201,3.24768247028096E-5
2777.129,0
2779.058,-1.12358415930177E-4
2780.986,-1.85741821017453E-4
2782.915,-2.60374636947629E-4
2784.844,-3.29956452877808E-4
2786.772,-3.97451157965086E-4
2788.701,-4.12839973895261E-4
2790.629,-4.60283678982538E-4
2792.558,-5.04420494912714E-4
2794.486,-4.66048199999993E-4
2796.415,-3.53813015930168E-4
2798.343,-2.80941721017445E-4
2800.272,-2.67501536947622E-4
2802.2,-2.93257242034897E-4
2804.129,-2.89316057965077E-4
2806.058,-2.17553873895252E-4
2807.986,-1.34093578982529E-4
2809.915,-9.8351394912705E-5
2811.843,-1.56346100000008E-4
2813.772,-2.60309915930158E-4
2815.7,-3.13328621017461E-4
2817.629,-2.53444436947638E-4
2819.558,-9.4622252877789E-5
2821.486,-1.74957965093023E-7
2823.415,2.26222610475758E-6
2825.343,-5.94024789825464E-5
2827.272,-6.22712949126959E-5
2829.2,0
2831.129,-1.76402521129604E-4
2833.057,-2.11642301190867E-4
2834.986,-4.83478223204728E-5
2836.915,2.86795656549823E-4
2838.843,7.74209876488661E-4
2840.772,0.00152687935535896
2842.7,0.00257831957529779
2844.629,0.00401815405416809
2846.557,0.00595034327410692
2848.486,0.00853140275297722
2850.415,0.0117859622318475
2852.343,0.0152429514517864
2854.272,0.0177650209306567
2856.2,0.0183196101505955
2858.129,0.0167775296294658
2860.057,0.0140325788494046
2861.986,0.0110970183282749
2863.915,0.00844761780714521
2865.843,0.00625168702708405
2867.771,0.00465078624702288
2869.7,0.00370430572589318
2871.629,0.00337191520476347
2873.557,0.00349051442470231
2875.486,0.00372468390357261
2877.414,0.00360984312351144
2879.343,0.00292333260238173
2881.271,0.00186268182232057
2883.2,9.27691301190869E-4
2885.129,3.75120780061165E-4
2887.057,0
2888.986,-1.49824970709936E-4
2890.914,-3.42155060667804E-4
2892.843,-4.0608003137774E-4
2894.771,-3.11920121335643E-4
2896.7,-1.55395092045582E-4
2898.629,2.59089937244522E-4
2900.557,9.09719847286619E-4
2902.486,0.00161814487657668
2904.414,0.00246595478661882
2906.343,0.00342504981590888
2908.271,0.00456624972595102
2910.2,0.00598834475524108
2912.128,0.00795495466528321
2914.057,0.0107898096945733
2915.986,0.0148382347238633
2917.914,0.0204887946339055
2919.843,0.0279321896631955
2921.771,0.0362562095732377
2923.7,0.0435461846025277
2925.628,0.0481967645125699
2927.557,0.0495866395418599
2929.486,0.0475574845711501
2931.414,0.0427628744811921
2933.343,0.0366526295104822
2935.271,0.0305453994205243
2937.2,0.0249333744498144
2939.128,0.0196855743598565
2941.057,0.0149399193891466
2942.986,0.0109164344184367
2944.914,0.00763048432847883
2946.843,0.0050297093577689
2948.771,0.00300860926781103
2950.7,0.00161942429710109
2952.628,7.85084207143228E-4
2954.557,4.35689236433289E-4
2956.485,6.09800705375703E-4
2958.414,0.00199925464701096
2960.343,0.00414212858864622
2962.271,0.00722151631776633
2964.2,0.0110368002594016
2966.128,0.0151399979885217
2968.057,0.018928831930157
2969.985,0.0219060996592771
2971.914,0.0237766336009123
2973.843,0.0244670775425476
2975.771,0.0241229552716677
2977.7,0.023145119213303
2979.628,0.0218159369424232
2981.557,0.0202305508840583
2983.485,0.0185180686131785
2985.414,0.0167679125548138
2987.343,0.0148943264964491
2989.271,0.0128339742255692
2991.199,0.0106130119546893
2993.128,0.00849608589632453
2995.057,0.0065709898379598
2996.985,0.00484637756707991
2998.914,0.00345514150871517
3000.842,0.00244142923783527
3002.771,0.00173908317947053
3004.699,0.00128716090859064
3006.628,9.55264850225901E-4
3008.557,7.26818791861164E-4
3010.485,6.88959627022451E-4
3012.414,5.05807749590449E-4
3014.342,5.88918879870955E-4
3016.271,0.00107073700243895
3018.199,0.00203609813271946
3020.128,0.00349890625528745
3022.057,0.00535068437785545
3023.985,0.00741774550813596
3025.914,0.00932405363070395
3027.842,0.0107654147609845
3029.771,0.0113150528835525
3031.699,0.010694034013833
3033.628,0.00935610213640096
3035.556,0.00781330326668147
3037.485,0.00613189138924946
3039.414,0.00435033951181747
3041.342,0.00268464064209796
3043.271,0.00138060876466597
3045.199,6.4757989494647E-4
3047.128,5.6327801751447E-4
3049.056,9.86469147794971E-4
3050.985,0.00215069908477701
3052.914,0.00404824389993034
3054.842,0.00648024725069011
3056.771,0.00923286206584344
3058.699,0.0119980954166032
3060.628,0.0142688302317565
3062.556,0.0155855635825164
3064.485,0.0158298383976697
3066.414,0.015227443212823
3068.342,0.0140997865635828
3070.271,0.0126316013787361
3072.199,0.0109501747294959
3074.128,0.00923189954464924
3076.056,0.00792366289540899
3077.985,0.00738240771056234
3079.913,0.0076538910613221
3081.842,0.00832615587647544
3083.771,0.00870308069162877
3085.699,0.00843906404238853
3087.628,0.00792865885754187
3089.556,0.00752744220830163
3091.485,0.00705308702345497
3093.413,0.00618490037421473
3095.342,0.00498946518936807
3097.271,0.00385132600452141
3099.199,0.00314910835528117
3101.128,0.0028166651704345
3103.056,0.00252951552119427
3104.985,0.0021059223363476
3106.913,0.00152308268710736
3108.842,9.69898502260702E-4
3110.771,4.8045031741404E-4
3112.699,1.11170668173802E-4
3114.627,-6.29509810664373E-5
3116.556,-1.19189165913098E-4
3118.485,-6.85013507597619E-5
3120.413,0
3122.342,-1.50846804217316E-4
3124.27,-2.20485098945671E-4
3126.199,-2.84270903162987E-4
3128.127,-3.36696097891342E-4
3130.056,-3.45694302108658E-4
3131.985,-3.65146406325984E-4
3133.913,-3.74119201054329E-4
3135.842,-3.41678305271655E-4
3137.77,-3.65749800000001E-4
3139.699,-3.46884204217324E-4
3141.627,-2.64106598945669E-4
3143.556,-1.89606003162994E-4
3145.485,-1.32332307380313E-4
3147.413,-7.23842021086579E-5
3149.342,2.55028936740186E-5
3151.27,1.1229069894567E-4
3153.199,1.54363894728353E-4
3155.127,1.62444400000001E-4
3157.056,1.74959895782683E-4
3158.984,1.38913501054329E-4
3160.913,6.85352968370114E-5
3162.842,6.39644926196947E-5
3164.77,9.45300978913433E-5
3166.699,1.44098793674025E-4
3168.627,1.19266898945671E-4
3170.556,8.28108947283531E-5
3172.484,0
3174.413,-1.27598044891687E-4
3176.342,-1.45060289783373E-4
3178.27,-6.69671517591012E-5
3180.199,-5.49822966507893E-5
3182.127,-6.10188586265175E-5
3184.056,-1.72985035182035E-5
3185.984,-2.46257654939316E-5
3187.913,-2.22849103856185E-5
3189.842,4.36817447226944E-5
3191.77,3.89437827469667E-5
3193.698,-2.88405792287609E-5
3195.627,-3.38824120448E-7
3197.556,1.59971530987865E-4
3199.484,1.86532469012136E-4
3201.413,7.7692124120449E-5
3203.341,-2.73087308552793E-5
3205.27,-4.69800227469661E-5
3207.198,-6.16861472269373E-6
3209.127,6.20605353856187E-5
3211.056,4.80884954939323E-5
3212.984,-2.93616964817962E-5
3214.913,-6.2889641373483E-5
3216.841,-5.1820403349211E-5
3218.77,8.41025175910178E-6
3220.698,4.13030897833747E-5
3222.627,-6.36551083128822E-8
3224.556,0
3226.484,4.64205786829524E-5
3228.413,4.77148957365899E-5
3230.341,7.77798744195438E-5
3232.27,1.22089891473181E-4
3234.198,7.62247701561348E-5
3236.127,3.83496872097726E-5
3238.055,7.47035658927248E-5
3239.984,1.19308682946364E-4
3241.913,1.555385E-4
3243.841,1.74544978682954E-4
3245.77,1.45306395736591E-4
3247.698,5.90864744195443E-5
3249.627,1.31088914731804E-5
3251.555,3.89302701561322E-5
3253.484,1.03358987209772E-4
3255.413,1.24055704263409E-4
3257.341,1.43225482946361E-4
3259.27,1.322368E-4
3261.198,9.33363786829516E-5
3263.127,7.16250957365902E-5
3265.055,4.59727744195424E-5
3266.984,1.125849147318E-5
3268.913,3.0395208526819E-5
3270.841,1.14587209771103E-7
3272.77,-2.48967957365903E-5
3274.698,1.55137829463614E-5
3276.627,0
3278.555,-1.14725802942139E-5
3280.484,1.27297172744902E-5
3282.412,-5.72566301972315E-6
3284.341,-2.06717654510193E-5
3286.27,-6.44043678823146E-5
3288.198,-2.34955481765286E-5
3290.127,3.31042493921761E-5
3292.055,1.08841869097962E-4
3293.984,5.47372666666662E-5
3295.912,-2.3914613627548E-5
3297.841,-3.53521160588429E-5
3299.77,-4.54327184901387E-5
3301.698,-9.13457987843525E-5
3303.627,-6.22188012156478E-5
3305.555,3.27940184901383E-5
3307.484,7.7086916058843E-5
3309.412,4.85355357646286E-5
3311.341,-6.18429666666672E-5
3313.27,-8.10871690979627E-5
3315.198,-7.38968493921768E-5
3317.126,-4.96670296863894E-5
3319.055,-1.70306321176858E-5
3320.984,5.10173654510188E-5
3322.912,1.28011785156805E-4
3324.841,1.8191278272551E-4
3326.769,1.31574702431295E-4
3328.698,0
3330.626,-6.59501761882805E-5
3332.555,4.74073247623439E-5
3334.484,1.82387825712972E-4
3336.412,2.60930849524687E-4
3338.341,2.76957550475314E-4
3340.269,2.1238987428703E-4
3342.198,1.77818075237659E-4
3344.126,2.12327399049374E-4
3346.055,1.98815100000002E-4
3347.984,2.13650400950627E-4
3349.912,1.79249024762346E-4
3351.841,5.66662257129704E-5
3353.769,-1.26549504753095E-5
3355.698,3.14364504753134E-5
3357.626,5.32592742870331E-5
3359.555,8.24949752376578E-5
3361.483,1.45722799049377E-4
3363.412,1.56488400000002E-4
3365.341,1.89449200950626E-4
3367.269,2.16459524762345E-4
3369.198,9.44307257129693E-5
3371.126,-7.58061504753105E-5
3373.055,-1.47884449524688E-4
3374.983,-1.62647525712968E-4
3376.912,-1.78676224762343E-4
3378.841,-9.23676238117188E-5
3380.769,0
3382.698,-4.27418925465226E-5
3384.626,-9.57099193633687E-5
3386.555,-9.81467119098925E-5
3388.483,-1.30150638726738E-4
3390.412,-1.51262531273261E-4
3392.34,-9.1343758090107E-5
3394.269,-1.3110075063663E-4
3396.198,-8.07844431831538E-5
3398.126,-1.0242577E-4
3400.055,-1.77812362546523E-4
3401.983,-1.7329288936337E-4
3403.912,-2.18111481909893E-4
3405.84,-1.70912108726739E-4
3407.769,-1.87720001273262E-4
3409.698,-2.40551293819785E-4
3411.626,-2.09213120636631E-4
3413.555,-1.83239513183155E-4
3415.483,-1.14505040000001E-4
3417.412,-1.30442254652353E-6
3419.34,2.1447234063663E-4
3421.269,2.55163748090107E-4
3423.198,8.8042365543585E-5
3425.126,-1.39545912732613E-5
3427.054,-3.80199180901068E-5
3428.983,2.08370936336921E-6
3430.912,5.8196786816846E-5
3432.84,0
3434.769,-6.67676827954137E-5
3436.697,-2.26880593011463E-5
3438.626,4.72090579034402E-5
3440.554,7.03221713977071E-5
3442.483,8.23048786022934E-5
3444.412,1.25470735806879E-4
3446.34,2.83423679301147E-4
3448.269,2.33155226505732E-4
3450.197,-1.04391999999984E-6
3452.126,8.61831720458482E-6
3454.054,1.05680950698853E-4
3455.983,7.89622279034385E-5
3457.912,8.97184581080245E-5
3459.84,1.05176899602292E-4
3461.769,8.5649155806878E-5
3463.697,8.16584693011449E-5
3465.626,9.34415765057317E-5
3467.554,7.70599599999988E-5
3469.483,3.65321072045861E-5
3471.411,7.68682506988522E-5
3473.34,6.73156679034384E-5
3475.269,6.10432451080252E-5
3477.197,-1.56865613977078E-5
3479.126,-2.39767141931224E-5
3481.054,5.70291193011463E-5
3482.983,2.63782665057321E-5
3484.911,0
3486.84,4.32642288377616E-5
3488.769,5.19870176755233E-5
3490.697,-1.13482786088494E-4
3492.626,-2.77775477250732E-4
3494.554,-1.98316781014749E-4
3496.483,-1.32925652176987E-4
3498.411,-2.60728275941004E-4
3500.34,-2.70231967103242E-4
3502.269,4.52473417345183E-5
3504.197,9.36623797050292E-6
3506.125,-3.69253365793514E-4
3508.054,-2.51364966955753E-4
3509.983,-2.07069248117992E-4
3511.911,-5.23510051882008E-4
3513.84,-6.02500643044247E-4
3515.768,-5.79429246808264E-4
3517.697,-6.18146637970501E-4
3519.625,-6.53333541734519E-4
3521.554,-3.12765232896758E-4
3523.483,6.51966759410046E-5
3525.411,3.88410721769879E-5
3527.34,1.43964681014748E-4
3529.268,1.34343977250732E-4
3531.197,-6.51523139115068E-5
3533.125,-1.87436317675522E-4
3535.054,-1.03113088377616E-5
3536.983,0
3538.911,-9.33930568072082E-4
3540.84,-0.00165969564759033
3542.768,-0.00197156621566241
3544.697,-0.00207883469518066
3546.625,-0.00261038856325274
3548.554,-0.00372658204277099
3550.482,-0.00445988191084307
3552.411,-0.00487490339036131
3554.34,-0.00558860686987941
3556.268,-0.00628332073795164
3558.197,-0.00669279221746973
3560.125,-0.00693521208554197
3562.054,-0.00720721056506006
3563.982,-0.00691853443313246
3565.911,-0.00569606391265055
3567.84,-0.00523881439216864
3569.768,-0.00614258626024088
3571.697,-0.00656821573975912
3573.625,-0.00604634360783121
3575.554,-0.00515081608734945
3577.482,-0.00406405095542153
3579.411,-0.00253001643493978
3581.34,-6.58001914458029E-4
3583.268,0.00153454721746989
3585.197,0.00503679173795164
3587.125,0.0102021508698796
3589.054,0.0145416453903613
3590.982,0.0179860045222892
3592.911,0.022224939042771
3594.839,0.0254674481746989
3596.768,0.0256177426951807
3598.697,0.0223688672156624
3600.625,0.0162260163475903
3602.554,0.00791122086807209
3604.482,0
3606.411,-0.00482078735243197
3608.339,-0.0086943058259877
3610.268,-0.0117745061784197
3612.197,-0.0131172315308516
3614.125,-0.0139415230044074
3616.054,-0.0143821933568393
3617.982,-0.0137873108303951
3619.911,-0.0135537091828271
3621.839,-0.0140207146563828
3623.768,-0.0139797020088148
3625.697,-0.0131159433612469
3627.625,-0.0109909348348025
3629.553,-0.00947688230835819
3631.482,-0.0102870596607902
3633.411,-0.0102471460132223
3635.339,-0.00998326548677787
3637.268,-0.00950235783921003
3639.196,-0.00888179311276557
3641.125,-0.00820272346519773
3643.053,-0.00766669153875327
3644.982,-0.00675331809118525
3646.911,-0.00465633584361722
3648.839,-0.00268532931717295
3650.768,-0.00227918366960492
3652.696,-0.00313057914316047
3654.625,-0.00270122039559244
3656.553,-0.00157764096914817
3658.482,-0.00152537922158014
3660.411,-0.0013896455740123
3662.339,-7.17219347567841E-4
3664.268,0
3666.196,-2.80295970425054E-5
3668.125,8.72095033924833E-4
3670.053,0.00198483403688233
3671.982,0.00147601136784967
3673.91,0.00200089797080716
3675.839,0.0031356613017745
3677.768,0.00187575763274183
3679.696,9.66238235699335E-4
3681.625,3.72335066666667E-4
3683.553,1.55508274624168E-4
3685.482,4.95757305915001E-5
3687.41,7.24763703549004E-4
3689.339,0.00194819343451633
3691.268,0.00183381876548367
3693.196,0.00100200956844117
3695.125,7.167707994085E-4
3697.053,6.60340102366002E-4
3698.982,7.04960433333334E-4
3700.91,0.00129068223629084
3702.839,0.00119703556725817
3704.768,5.23982298225498E-4
3706.696,3.03844701183001E-4
3708.625,8.47933832150333E-4
3710.553,0.00177561243510783
3712.482,0.00172518176607517
3714.41,6.46254969032667E-4
3716.339,0
3718.267,2.57388400660636E-4
3720.196,7.14677386798793E-4
3722.125,0.00117137527293695
3724.053,0.00133935407359759
3725.982,0.00151767895973575
3727.91,7.89560760396382E-4
3729.839,3.23564746534539E-4
3731.767,0.00107355844719518
3733.696,0.00255433433333333
3735.625,0.00321187621947149
3737.553,0.00198565102013213
3739.482,9.09480906270285E-4
3741.41,3.88813806930922E-4
3743.339,0.00106976859306908
3745.267,0.00183098739372971
3747.196,8.10348279867872E-4
3749.125,0.00100598916600603
3751.053,0.00182194296666667
3752.981,0.0011907377673273
3754.91,2.3841975346546E-4
3756.839,2.58632039603617E-4
3758.767,5.33715840264253E-4
3760.696,1.40394626402413E-4
3762.624,-5.31709972936952E-4
3764.553,-3.44625426798795E-4
3766.481,-2.22220976138159E-4
3768.41,0
3770.339,1.85577413602592E-4
3772.267,-5.48962345067311E-4
3774.196,-9.50270931464719E-4
3776.124,-9.36891290134622E-4
3778.053,-5.48175206532031E-4
3779.981,-5.31990725201934E-4
3781.91,-0.00113756982159934
3783.839,-0.00101117900799676
3785.767,-0.00103319546666665
3787.696,-0.00143372245306407
3789.624,-0.00166105761173396
3791.553,-0.00180254809813139
3793.481,-0.00184280235680127
3795.41,-0.0012246818431987
3797.338,-8.73516301868585E-4
3799.267,-9.73762188266008E-4
3801.196,-3.96132746634283E-5
3803.124,-3.02391133333319E-4
3805.053,-8.65700619730741E-4
3806.981,-6.1019947840063E-4
3808.91,-0.00135944216479805
3810.838,-0.00206073102346794
3812.767,-0.00231062690986536
3814.696,-0.00165758289626279
3816.624,-0.00108471365493268
3818.553,-0.0012315468413301
3820.481,0
3822.41,-1.20212025292388E-4
3824.338,-0.0012641962436769
3826.267,-0.00138019696896929
3828.196,-0.00181174493426168
3830.124,-0.00182441786264619
3832.052,-0.00139612273103071
3833.981,-0.0012616717563231
3835.91,-8.20464081615484E-4
3837.838,8.44740000000028E-5
3839.767,3.85136974707615E-4
3841.695,-1.869857436769E-4
3843.624,-8.30051868969289E-4
3845.552,-0.0016359996273538
3847.481,-0.00196688881264619
3849.41,-0.00166803893793858
3851.338,-6.75519456323093E-4
3853.267,0.00117114571838451
3855.195,7.45203000000004E-4
3857.124,-3.3961102529239E-4
3859.052,-0.0010909539436769
3860.981,-8.47802468969292E-4
3862.91,-2.45545794261679E-4
3864.838,-1.43166512646195E-4
3866.767,-8.00581937938583E-4
3868.695,-2.02782256323097E-4
3870.624,4.08997718384515E-4
3872.552,0
3874.481,-1.8948820358475E-4
3876.409,-0.00101612524371508
3878.338,-9.00436247299827E-4
3880.267,2.04234491154223E-5
3882.195,-4.08857991014904E-4
3884.124,-4.57981094599656E-4
3886.052,1.4355365270018E-5
3887.981,-8.50908638314733E-4
3889.909,-7.65028378445061E-4
3891.838,-7.57561820298111E-5
3893.767,-5.6711258561456E-4
3895.695,-0.00119462782574489
3897.624,-7.55527229329638E-4
3899.552,1.90882730540035E-4
3901.481,5.43367526955285E-4
3903.409,7.8983058682496E-4
3905.338,3.8861238324021E-4
3907.267,-5.98276220344545E-4
3909.195,-0.00107222666047487
3911.124,-0.00121603856405962
3913.052,-0.00133702850418994
3914.981,-8.50784525774694E-4
3916.909,-2.90769347905022E-4
3918.838,-2.89005951489773E-4
3920.766,-4.544410916201E-4
3922.695,-3.82932395204851E-4
3924.624,-7.04873987896013E-5
3926.552,-4.56031338919928E-4
3928.481,-6.59166382504678E-4
3930.409,-2.87130182635004E-4
3932.338,-8.17210862197569E-5
3934.266,-5.79941366350085E-4
3936.195,-9.60279229934834E-4
3938.124,-9.51860533519583E-4
3940.052,-7.38266273649912E-4
3941.981,-1.56383477234661E-4
3943.909,-1.7853691736499E-4
3945.838,-4.94443960949739E-4
3947.766,-3.86124161080067E-4
3949.695,-4.03501764664817E-4
3951.623,-5.64156184795144E-4
3953.552,-6.10168408379894E-4
3955.48,-6.05606048510222E-4
3957.409,-5.89639552094972E-4
3959.338,-6.79550555679726E-4
3961.266,-6.45082395810051E-4
3963.195,-6.64248599394804E-4
3965.123,-7.79857439525128E-4
3967.052,-7.59486743109882E-4
3968.98,-6.49343883240205E-4
3970.909,-5.8132638682496E-4
3972.838,-5.1833699040971E-4
3974.766,-3.95866430540038E-4
3976.695,-5.22341734124788E-4
3978.623,-5.97997174255115E-4
3980.552,-5.15151277839866E-4
3982.48,-5.15880817970189E-4
3984.409,-5.40833821554943E-4
3986.337,-5.48545561685266E-4
3988.266,-4.79310865270016E-4
3990.195,-4.08017368854772E-4
3992.123,-4.80259308985094E-4
3994.052,-3.68145712569845E-4
3995.98,-2.98080552700172E-4
3997.909,-3.05591756284923E-4
3999.837,-2.4522699641525E-4
4001.766,0
