399.2123,0.0161914432679496
401.1409,0.00733346334308846
403.0695,0.00335877665848558
404.998,0.00102370338461393
406.9266,9.21652157334795E-4
408.8552,0.0022602145859492
410.7837,0.00244963290617762
412.7123,8.50490200123887E-5
414.6408,-0.00212976370424548
416.5694,0.00220921838476214
418.498,0.00855728179934086
420.4265,0.00519262465462959
422.3551,0.00116123720014497
424.2837,2.05957274051956E-4
426.2122,5.82148906490435E-4
428.1408,7.95109303309942E-4
430.0693,0.00155005355418198
431.9979,0.00184992047209748
433.9265,0.00150049683755766
435.855,0.00198541289893475
437.7836,0.00268717977655599
439.7121,0.00218311062426533
441.6407,0.00218206266520136
443.5693,0.00225252971188603
445.4978,0.00220920212778036
447.4264,0.00311599089292696
449.3549,0.00521132572092909
451.2835,0.00712252182308472
453.2121,0.00570205463367536
455.1406,0.00400305825954125
457.0692,0.00429155619079089
458.9978,0.00262108701987671
460.9263,0.00156505597229444
462.8549,0.00169405398413506
464.7834,9.20557148094358E-4
466.712,0
468.6406,-5.01910741286706E-4
470.5691,4.64963555862813E-4
472.4977,0.00216825893862661
474.4263,0.00142901928118755
476.3548,7.0986066728178E-4
478.2834,0.00143674870300118
480.2119,0.00341793807955111
482.1405,0.00567605089323847
484.0691,0.00925343803669481
485.9976,0.0137760297732209
487.9262,0.0193906239940805
489.8548,0.0250358645277034
491.7833,0.0266827324819159
493.7119,0.023880740940962
495.6404,0.0212908467412697
497.569,0.0214797488602535
499.4976,0.0238243407339004
501.4261,0.0279324351330359
503.3547,0.0291936366508747
505.2832,0.0268362476736878
507.2118,0.0225196123909696
509.1404,0.0170031342948624
511.0689,0.0116060356292967
512.9975,0.00714447362257705
514.9261,0.00400408268846314
516.8546,0.00262026152390037
518.7832,0.00131086723184401
520.7117,8.72233917886961E-5
522.6403,8.88192729583438E-5
524.5688,0.00175127985857974
526.4974,0.00434903392949303
528.426,0.00983744466918572
530.3546,0.024012451251413
532.2831,0.0474527450552948
534.2117,0.0636496735332815
536.1403,0.0552314050044177
538.0688,0.0334062464469914
539.9974,0.017529347739864
541.9259,0.0116672371144956
543.8545,0.0118613639460542
545.783,0.0139992324246329
547.7116,0.0156383050135566
549.6402,0.0164278892877114
551.5687,0.0167420650554575
553.4973,0.0170928050007347
555.4258,0.0169730024543371
557.3544,0.0160498132882734
559.283,0.0163524495843454
561.2115,0.0189609561425495
563.1401,0.0208107675723412
565.0687,0.0186897787968721
566.9973,0.0153031736548382
568.9258,0.0151034165742699
570.8544,0.0197079989808218
572.7829,0.0268616589037874
574.7115,0.0309038169411985
576.64,0.028756691942554
578.5686,0.0257367152942075
580.4972,0.0221856184875888
582.4257,0.0160791884020898
584.3543,0.0098365909653997
586.2828,0.0061138732269199
588.2114,0.00563894431871596
590.14,0.00769546738828796
592.0685,0.0109243743602566
593.9971,0.011142991006656
595.9257,0.00730013262540426
597.8542,0.00342266184342626
599.7828,0.00158660548983613
601.7114,0.00101308325461008
603.6399,0.00214264112389276
605.5685,0.0061793604234813
607.497,0.0117126433539981
609.4256,0.0133579274412111
611.3541,0.0103522664998964
613.2827,0.00668908948189354
615.2113,0.00423893028117026
617.1398,0.00408256607704378
619.0684,0.00596119215516323
620.9969,0.0067404021870223
622.9255,0.00396485748054003
624.8541,9.80286101772353E-4
626.7827,1.96575287408175E-4
628.7112,2.39786905229872E-4
630.6398,-2.02562595629932E-4
632.5684,-8.53094209566339E-4
634.4969,-0.00102120379081528
636.4255,-8.62409661827213E-4
638.354,-1.02714235350439E-4
640.2826,7.9764043540806E-4
642.2111,9.06952575225273E-4
644.1397,2.27198033025886E-4
646.0682,-4.24934099544446E-4
647.9968,-5.54486417967439E-4
649.9254,1.22274842718553E-4
651.8539,0.0014074753842217
653.7825,0.00279939087425478
655.7111,0.00375125904868777
657.6396,0.00365057227505069
659.5682,0.00232098433733343
661.4968,0.00103813456698183
663.4254,9.18373214467533E-4
665.3539,0.00176449984782944
667.2825,0.00481768320676039
669.211,0.00798890635737528
671.1396,0.00689601891409482
673.0681,0.00554278277183423
674.9967,0.00397797424959234
676.9252,0.00329349708308344
678.8538,0.00375059761347876
680.7824,0.00469282232508991
682.7109,0.00623214861546235
684.6395,0.00907934818863909
686.5681,0.0140624738638915
688.4966,0.0241846393901713
690.4252,0.0444123261326666
692.3538,0.0874854970018581
694.2823,0.162533116968018
696.2109,0.22240076674954
698.1395,0.211423490874779
700.068,0.189961883887477
701.9966,0.157712750164047
703.9251,0.106058522484565
705.8537,0.0691134362726119
707.7822,0.0538223200192245
709.7108,0.0507909126601832
711.6393,0.0490127884052403
713.5679,0.0447061439072677
715.4965,0.0375433076624693
717.425,0.0286789996876637
719.3536,0.0219783856251303
823.496,0.00689051299106238
825.4245,0.00265795351901743
827.3531,7.42941023728788E-4
829.2817,7.79365589271485E-4
831.2102,8.40536841555937E-4
833.1388,0.00184469613583703
835.0673,0.00369243693071233
836.9959,0.00521788021773363
838.9244,0.00453626686412594
840.853,0.0028979021731194
842.7816,0.00200482739870647
844.7101,0.00278863538856273
846.6387,0.00357884059893348
848.5673,0.00486695158747977
850.4958,0.00816622369791339
852.4244,0.01528939386664
854.353,0.0288221506374452
856.2815,0.0483912902266253
858.2101,0.0668887090526156
860.1387,0.0718430067865686
862.0672,0.0645097468097946
863.9958,0.0536989981121118
865.9243,0.0419570260107899
867.8529,0.0319088621903475
869.7814,0.027135921704587
871.71,0.029425646632042
873.6385,0.0402834597862424
875.5671,0.0570997757543318
877.4957,0.0677311481408766
879.4243,0.0625087786838957
881.3528,0.0457926362844171
883.2814,0.0283584646274602
885.21,0.0162542560740762
887.1385,0.00929020019448431
889.0671,0.00577930970616309
890.9956,0.00393021396982861
892.9242,0.00237360508216642
894.8528,0.00120121230292266
896.7813,6.39034318558498E-4
898.7099,6.27275341963818E-4
900.6384,6.25468846024021E-4
902.567,0.0010150778055117
904.4955,0.00255356037503557
906.4241,0.00663661504666772
908.3527,0.0161445514511554
910.2813,0.0296130262883214
912.2098,0.029986627379412
914.1384,0.0158978481384681
916.067,0.00560661650973207
917.9955,0.00165423682219352
919.9241,2.19929754846021E-4
921.8526,-1.70262119975082E-4
923.7812,-4.60346503064847E-4
925.7097,-0.00107737634504212
927.6383,-0.00155751104831693
929.5669,-0.00176919713961201
931.4954,-0.00146382093820916
933.424,-9.66983676446095E-4
935.3525,-7.42110081467714E-4
937.2811,-5.12442457764989E-4
939.2097,1.93614077713547E-5
941.1382,8.37937340292524E-4
943.0668,0.00192033955587709
944.9954,0.00349542314609875
946.924,0.00647775974589032
948.8525,0.0117936651589219
950.7811,0.0190924279878781
952.7096,0.0247677416665516
954.6382,0.0239275895165499
956.5667,0.0173061601232085
958.4953,0.0104696799196732
960.4239,0.00630590517087653
962.3524,0.0042607863399824
964.281,0.00346887965482383
966.2095,0.00335337119762824
968.1381,0.00355846040519773
970.0667,0.00444963363739222
971.9952,0.00605292912454427
973.9238,0.00776199542400519
975.8524,0.0100916004207638
977.7809,0.0144990467092769
979.7095,0.0248694693497816
981.6381,0.0491364428565901
983.5666,0.0976582033724997
985.4952,0.165229915489405
987.4237,0.213404989008356
989.3523,0.201093120070056
991.2808,0.148988892731071
993.2094,0.100858309923755
995.138,0.0713619127261132
997.0665,0.0598148018144306
998.9951,0.055889916445422
1000.924,0.0531368856488105
1002.852,0.0485204380566609
1004.781,0.0347003554372559
1006.709,0.0199701059665136
1008.638,0.0129199333147756
1010.566,0.0101095664011806
1012.495,0.00911707803468688
1014.424,0.0091526381233597
1016.352,0.00990829845620959
1018.281,0.0116966142988473
1020.209,0.0152313978773488
1022.138,0.0209319594845103
1024.066,0.0294009522914263
1025.995,0.039611000434414
1027.924,0.0504761537419595
1029.852,0.0622436839942389
1031.781,0.0741624588354731
1033.709,0.0790347517043114
1035.638,0.070162744275952
1037.566,0.0531168485835123
1039.495,0.0380717659639237
1041.423,0.0290188083087332
1043.352,0.0259851066203336
1045.281,0.0281793314184837
1047.209,0.0360470565749115
1049.138,0.051334837794396
1051.066,0.0785626492210394
1052.995,0.124655220562814
1054.923,0.185383726013073
1056.852,0.21700605274882
1058.781,0.181710192408628
1060.709,0.119250900998472
1062.638,0.0722945805988026
1064.566,0.0458638291892699
1066.495,0.0336104890144806
1068.423,0.0282964989166407
1070.352,0.0263423428407518
1072.28,0.0270627870164968
1074.209,0.0297104793413062
1076.138,0.032226771612731
1078.066,0.0317792025079313
1079.995,0.0276873906597994
1081.923,0.0236022328106041
1083.852,0.0223876437023419
1085.78,0.0242722321590165
1087.709,0.02875857584805
1089.637,0.035567319600304
1091.566,0.04480907297876
1093.495,0.0574629397793551
1095.423,0.0747304697995511
1097.352,0.0968287179848618
1099.28,0.11846568581042
1101.209,0.128514299143337
1103.137,0.121661602336384
1105.066,0.108857104726418
1106.995,0.103943679032541
1108.923,0.113592508828706
1110.852,0.138775333296558
1112.78,0.177369305100959
1114.709,0.219769276965449
1116.637,0.249398376894166
1118.566,0.251974849131176
1120.495,0.228538547869789
1122.423,0.191251609741029
1124.352,0.154481822086896
1126.28,0.126501487690892
1128.209,0.109719084882639
1130.137,0.102101420934075
1132.066,0.101176287990935
1133.994,0.106072204588824
1135.923,0.118488779804962
1137.852,0.140977677863104
1139.78,0.177516330766327
1141.709,0.232192765883809
1143.637,0.305482206256083
1145.566,0.382779079379472
1147.494,0.425465000301185
1149.423,0.390850676914926
1151.351,0.297249005278921
1153.28,0.199192992432536
1155.209,0.126723720803556
1157.137,0.0812760432301592
1159.066,0.0541549143673535
1160.994,0.0374951581501881
1162.923,0.0272120578142398
1164.851,0.0209047002975574
1166.78,0.0170293894811871
1168.708,0.0148809106756096
1170.637,0.0142868189194243
1172.566,0.0151156590978788
1174.494,0.0174008029721308
1176.423,0.0215639142445325
1178.351,0.0286225034461521
1180.28,0.0401773672172069
1182.208,0.0580795108098286
1184.137,0.0803241881133121
1186.066,0.0993258767497274
1187.994,0.117395295916491
1189.923,0.151157279333335
1191.851,0.197388727617824
1193.78,0.21729856518931
1195.708,0.18348865936598
1197.637,0.125852507569894
1199.566,0.0794325122004691
1201.494,0.0510901436159589
1203.423,0.034118457846459
1205.351,0.0229114505150765
1207.28,0.0153487153209584
1209.208,0.0105130634947822
1211.137,0.00750767655864365
1213.065,0.00543938847846319
1214.994,0.0037088931573391
1216.923,0.00235144915060325
1218.851,0.0015567606455502
1220.78,0.00111003637773678
1222.708,0.00117323700738059
1224.637,0.00172652745587923
1226.565,0.00266914651069086
1228.494,0.00411611835233646
1230.422,0.00617745708947852
1232.351,0.00903835275418517
1234.28,0.013029141957432
1236.208,0.0185715870276341
1238.137,0.0259406582321378
1240.065,0.0350137000517678
1241.994,0.0448142914747126
1243.922,0.053658605092373
1245.851,0.0613321399489613
1247.78,0.0710608717119074
1249.708,0.0867328261802514
1251.637,0.108805548824681
1253.565,0.13185254298153
1255.494,0.151147969483933
1257.422,0.164115266966209
1259.351,0.166891884238207
1261.28,0.157586597527878
1263.208,0.145674506337848
1265.137,0.143760578765819
1267.065,0.160380308896844
1268.994,0.195179902984877
1270.922,0.238735074278693
1272.851,0.277225334066915
1274.779,0.306784532257385
1276.708,0.32088458763848
1278.637,0.302981319671401
1280.565,0.252153621138713
1282.494,0.192335872490689
1284.422,0.143667218426475
1286.351,0.109244752194068
1288.279,0.0832974193113011
1290.208,0.0636590813242235
1292.136,0.0500104183641797
1294.065,0.0407644170739787
1295.994,0.0333738976170054
1297.922,0.0268357650113993
1299.851,0.0215224247142942
1301.779,0.0179857180269279
1303.708,0.0163448220020645
1305.636,0.0164138724395962
1307.565,0.0172859203578581
1309.494,0.0176648788697339
1311.422,0.0169452109436457
1313.351,0.0158676447449195
1315.279,0.0151478984055154
1317.208,0.0147636817937695
1319.136,0.0140861775345267
1321.065,0.0138279642559071
1322.994,0.0149591274558631
1324.922,0.0180310862322752
1326.851,0.0228362171323512
1328.779,0.0292210887369042
1330.708,0.0379163442137668
1332.636,0.0519190253232365
1334.565,0.0741597306784362
1336.493,0.107954896463336
1338.422,0.152507517497729
1340.351,0.195262260228946
1342.279,0.208708377766654
1344.208,0.186744259710004
1346.136,0.143935317800888
1348.065,0.101318530351262
1349.993,0.0689364306861287
1351.922,0.0480333468182405
1353.85,0.0355990559452046
1355.779,0.0279524564515787
1357.708,0.0233316561660776
1359.636,0.0203343543120273
1361.565,0.0179713492916051
1363.493,0.0142857950453328
1365.422,0.0104765153814638
1367.35,0.00834203045871851
1369.279,0.00686146167661999
1371.208,0.00584873778432824
1373.136,0.00667151278722473
1375.065,0.00927828983761569
1376.993,0.0147183378458828
1378.922,0.020440086226548
1380.85,0.0233593749795995
1382.779,0.0258840799006063
1384.708,0.0260968818117254
1386.636,0.0228657363256283
1388.565,0.0183165342415471
1390.493,0.0163056086605146
1392.422,0.0162031659078642
1394.35,0.0162712930358004
1396.279,0.0142857655651015
1398.207,0.0114134912322285
1400.136,0.0075166533398482
1402.065,0.00471566864580658
1403.993,0.00376915374538114
1405.922,0.00267695645123063
1407.85,0.00168854076256102
1409.779,0.00170923953609923
1411.707,0.00207223484522617
1413.636,0.00253509717759269
1415.564,0.00367413250646571
1417.493,0.00563587413924605
1419.422,0.00654392114651578
1421.35,0.00626659932757305
1423.279,0.00779571115054598
1425.207,0.00959780060641362
1427.136,0.0118363383979841
1429.064,0.0164723166989334
1430.993,0.022722276770893
1432.922,0.0307673075919478
1434.85,0.0414486435247449
1436.779,0.0594538839835291
1438.707,0.077264192096953
1440.636,0.0921979199413664
1442.564,0.100166970490351
1444.493,0.097623778019506
1446.422,0.0890614099188995
1448.35,0.0747056583628269
1450.279,0.0605875689380039
1452.207,0.0501832664852827
1454.136,0.0437236002193053
1456.064,0.0394799426310619
1457.993,0.0310662397905887
1459.921,0.0239576105167677
1461.85,0.0209739293012619
1463.779,0.0212842812070077
1465.707,0.0244831059182559
1467.636,0.0290963360417047
1469.564,0.0370376574950411
1471.493,0.0486641855407923
1473.421,0.0613957758694567
1475.35,0.0634635040436933
1477.278,0.0552493671862269
1479.207,0.041974472562585
1481.136,0.0302319306404203
1483.064,0.0228457142099235
1484.993,0.0198184099037684
1486.921,0.0193719506494527
1488.85,0.0203884933684823
1490.778,0.0212544733649221
1492.707,0.0228648657371933
1494.635,0.0289085119471961
1496.564,0.0394533412957833
1498.493,0.0453160478029416
1500.421,0.0422699359142554
1502.35,0.0347595535186196
1504.278,0.0294604014417267
1506.207,0.0263770700827089
1508.135,0.0184496143186741
1510.064,0.0119169032093893
1511.993,0.00754108353143148
1513.921,0.00557952657681735
1515.85,0.00566212839541527
1517.778,0.00458335707453415
1519.707,0.00385599706866083
1521.635,0.00400969494920976
1523.564,0.00234840666567119
1525.493,0.0024843396248215
1527.421,0.00180816473002205
1529.35,7.15942681141783E-4
1531.278,0.00110184942125521
1533.207,0.00292372546751325
1535.135,0.00223950916724334
1537.064,0.00238679110612459
1538.992,0.00434515216543262
1540.921,0.00586781816251258
1542.85,0.00471342126924756
1544.778,0.003744839218081
1546.707,0.00180058395632932
1548.635,0.00256574159831015
1550.564,0.00388565309965929
1552.492,0.00520656410912238
1554.421,0.00616224445710282
1556.349,0.00696421188138678
1558.278,0.00894049705704607
1560.207,0.00427858096477956
1562.135,4.94386014479323E-4
1564.064,-1.78779625078226E-4
1565.992,-2.73598264039872E-4
1567.921,0.00130455867596431
1569.849,0.00315433589675704
1571.778,0.00262999205241052
1573.707,0.00266425537105461
1575.635,0.00474753279205031
1577.564,0.00638217907804649
1579.492,0.00631316262225157
1581.421,0.00451211602507262
1583.349,0.00211649283645789
1585.278,0.00117888486417141
1587.207,0.00165381911162956
1589.135,0.00338793023893783
1591.064,0.00641898861450688
1592.992,0.0106287171101851
1594.921,0.0167433255326064
1596.849,0.0263907137951624
1598.778,0.0413303121668411
1600.706,0.0538837784992677
1602.635,0.04886810869728
1604.564,0.0318327331222857
1606.492,0.018686101364181
1608.421,0.011119497832007
1610.349,0.0066337574730496
1612.278,0.00412197116676558
1614.206,0.00337238454966249
1616.135,0.00361040738436257
1618.063,0.00290884838922668
1619.992,0.00250302184597707
1621.921,0.00344604855820941
1623.849,0.00381736940529967
1625.778,0.0033289429940089
1627.706,0.00344207015710844
1629.635,0.00319843673027812
1631.563,0.00313504124069013
1633.492,0.00412525396958979
1635.421,0.00591994051378247
1637.349,0.00510882833876076
1639.278,0.00388787368977112
1641.206,0.00346027346657681
1643.135,0.00359213187270154
1645.063,0.00507149063135646
1646.992,0.00662602208018213
1648.92,0.00518775728219444
1650.849,0.00517010377994286
1652.778,0.00789734844861988
1654.706,0.00587957189363953
1656.635,0.00353385111735239
1658.563,0.0026130674559385
1660.492,0.00286408827124065
1662.42,0.00354746373312857
1664.349,0.00298151885778578
1666.277,0.00296629659169339
1668.206,0.00415974406578761
1670.135,0.00406860131638681
1672.063,0.00264449071983847
1673.992,0.00209698572497758
1675.92,0.00143133355882782
1677.849,6.29438052893916E-4
1679.777,0.00123663378002745
1681.706,0.0020243329862427
1683.635,0.00378497548176102
1685.563,0.00190613340514289
1687.492,9.03847052232221E-4
1689.42,8.01289302543868E-4
1691.349,1.55185082111655E-4
1693.277,4.26194842539937E-4
1695.206,0.0020329838212665
1697.135,0.00228909322373384
1699.063,0.00265582296002124
1700.992,0.00232427744142085
1702.92,0.00107747200832291
1704.849,0.00122167914921416
1706.777,5.20006362955742E-4
1708.706,-2.09226386269024E-4
1710.634,-3.37535887381541E-4
1712.563,6.01241190304044E-5
1714.492,0.00131431855668158
1716.42,0.00235072829461599
1718.349,0.00184743028220421
1720.277,-7.07991929397465E-5
1722.206,-4.24441375648803E-4
1724.134,-4.50165059691752E-4
1726.063,-6.80625854492248E-4
1727.991,-1.77620281688426E-4
1729.92,7.88760978687752E-4
1731.849,0.0015381544471784
1733.777,0.00273968929255573
1735.706,0.00134869824152249
1737.634,7.98232596074681E-4
1739.563,0.00123867156621669
1741.491,0.00144546962554457
1743.42,0.00203407668283349
1745.349,0.00234575531640766
1747.277,0.00350185018490044
1749.206,0.00476426691238239
1751.134,0.00482974320967664
1753.063,0.00323312530403473
1754.991,0.0024111745121662
1756.92,0.00208640871032338
1758.849,0.00118775162418892
1760.777,0.00105589410427174
1762.706,4.7894273823255E-4
1764.634,-3.19975343098041E-4
1766.563,1.86201401961776E-4
1768.491,9.2019252486673E-4
1770.42,0.00124749363807306
1772.348,0.00144494529809756
1774.277,7.76593195413104E-4
1776.206,5.08328007224872E-4
1778.134,4.79465900711666E-4
1780.063,7.58183102605096E-4
1781.991,1.67119269353959E-4
1783.92,3.2522561528507E-5
1785.848,2.07636656177441E-5
1787.777,-1.5270837739247E-4
1789.705,7.56394485893024E-4
1791.634,0.00195454057663456
1793.563,0.00163794055812459
1795.491,0.00152268375233342
1797.42,0.00202593865650334
1799.348,0.00322575450007643
1801.277,0.00465024635538279
1803.205,0.00484744596172113
1805.134,0.00451698150322753
1807.063,0.00404432676019393
1808.991,0.00340088878975229
1810.92,0.0026594104398223
1812.848,0.00172974829399751
1814.777,0.00128632161896467
1816.705,0.00163461835631449
1818.634,0.00196420837951592
1820.563,0.00219616892773054
1822.491,0.0023649334170601
1824.42,0.00243346482895677
1826.348,0.00146255430787854
1828.277,0.00122085327452346
1830.205,0.00111190682847837
1832.134,-7.0988338925178E-5
1834.062,-5.15060497243054E-4
1835.991,-4.74562736714886E-4
1837.92,-5.12668145883373E-4
1839.848,-6.85492490392755E-4
1841.777,-1.77695878649705E-4
1843.705,6.52492861211922E-4
1845.634,3.29692782703654E-4
1847.562,-1.88752606782768E-4
1849.491,-6.27051289000332E-4
1851.419,-9.23915442628838E-4
1853.348,-8.96059094523523E-4
1855.277,-8.02872926545702E-4
1857.205,-6.28486323393425E-4
1859.134,-5.06273978476264E-4
1861.062,-3.04831260161028E-4
1862.991,-8.405064554375E-5
1864.919,5.30128452856919E-4
1866.848,0.00185245121565878
1868.776,0.00310029452558489
1870.705,0.00326103019514033
1872.634,0.00387688579528731
1874.562,0.00483793394555175
1876.491,0.00475141058778615
1878.419,0.0034610048738354
1880.348,0.00207014298581433
1882.276,0.001318832494526
1884.205,0.00129186236898368
1886.134,0.00166625003006667
1888.062,0.00279740214972783
1889.991,0.00387162174980385
1891.919,0.00377114731236749
1893.848,0.0032417918890013
1895.776,0.00203757258784793
1897.705,7.59052061717501E-4
1899.634,4.40029305286895E-5
1901.562,-3.27399641537931E-4
1903.491,-4.63874441126941E-4
1905.419,-4.88087156262843E-4
1907.348,-3.31278965641821E-4
1909.276,-2.32580169920975E-4
1911.205,-5.69875215192227E-4
1913.133,-8.29690718485503E-4
1915.062,-6.79782714476573E-4
1916.991,-1.47867470575739E-4
1918.919,-2.36597557497342E-4
1920.848,-3.60025565556325E-4
1922.776,0
1924.705,-3.40349673154946E-4
1926.633,-3.87423161403794E-4
1928.562,-1.55977543510069E-4
1930.49,9.42883771214091E-5
1932.419,2.51257454862333E-4
1934.348,4.39312603734041E-4
1936.276,7.87235207951039E-4
1938.205,0.00148540407879615
1940.133,0.0028364087457121
1942.062,0.00507573742399162
1943.99,0.00680008449790894
1945.919,0.00775137613307038
1947.848,0.00715318124835741
1949.776,0.00515277366056532
1951.705,0.0032463216171637
1953.633,0.00225892251960162
1955.562,0.00199197820732331
1957.49,0.00227221016907239
1959.419,0.00308832980986197
1961.348,0.00411907346898917
1963.276,0.00466314322908995
1965.205,0.00439923146293141
1967.133,0.00322277903231781
1969.062,0.00162915184070714
1970.99,6.51750248867677E-4
1972.919,2.42547089690698E-4
1974.847,5.39671791062779E-5
1976.776,0
1978.705,6.21260735583103E-5
1980.633,1.81152530491672E-4
1982.562,2.85458495452521E-4
1984.49,3.77659507899927E-4
1986.419,4.26396064787057E-4
1988.347,3.21649433486461E-4
1990.276,3.07631778342311E-4
1992.204,3.46424463596915E-4
1994.133,-1.12498346038261E-4
1996.062,-3.25938400642111E-4
1997.99,-3.34983846353596E-4
1999.919,-3.15473954035197E-4
2001.847,-3.32983473784115E-4
2003.776,-3.6723305597597E-4
2005.704,-4.19506417113559E-4
2007.633,-3.86228627039074E-4
2009.562,-3.70750678825924E-4
2011.49,-3.10571814497437E-4
2013.419,-2.73386442814444E-4
2015.347,-6.12092965550469E-5
2017.276,1.35720830009733E-4
2019.204,3.23933198157709E-5
2021.133,-9.080795819166E-5
2023.062,-9.87795977318656E-5
2024.99,-8.41875102310301E-5
2026.919,-2.65951862391576E-5
2028.847,-7.14609940377252E-7
2030.776,0
2032.704,4.03022234900096E-5
2034.633,3.84872534529105E-5
2036.561,-1.10070788598122E-6
2038.49,-1.68089776479792E-5
2040.419,5.43205042110171E-5
2042.347,6.64025917321006E-5
2044.276,9.44197950988418E-6
2046.204,-5.83135933048481E-6
2048.133,2.36156283851313E-5
2050.061,1.33712680422661E-4
2051.99,1.8006713560835E-4
2053.918,2.09008582173153E-4
2055.847,2.10365173444966E-4
2057.776,2.01600125934778E-4
2059.704,1.66860476688129E-4
2061.633,1.66435822556099E-4
2063.561,2.51114795522991E-4
2065.49,2.3531094316027E-4
2067.418,-6.05965408828033E-7
2069.347,-8.14406281511119E-5
2071.276,-1.1841929875421E-4
2073.204,-1.49316901472824E-4
2075.133,-1.56340983994395E-4
2077.061,-1.34714492162865E-4
2078.99,-1.28715943329383E-4
2080.918,-7.58294674951902E-5
2082.847,-2.55425358530317E-5
2084.775,0
2086.704,1.97109114222396E-5
2088.633,6.70016579419701E-5
2090.561,9.87521170006602E-5
2092.49,1.25203060341484E-4
2094.418,1.38497012772267E-4
2096.347,1.97275501220604E-4
2098.275,2.92395951983604E-4
2100.204,3.63065251577217E-4
2102.133,4.05796058032297E-4
2104.061,4.18538999437384E-4
2105.99,3.47513388875855E-4
2107.918,2.35694586253412E-4
2109.847,8.70153790280988E-5
2111.775,-5.23205402731542E-5
2113.704,-1.32919184076577E-4
2115.633,-1.83115278473552E-4
2117.561,-2.53706448656915E-4
2119.49,-2.7090273303597E-4
2121.418,-2.68127775295808E-4
2123.347,-2.44952776313657E-4
2125.275,-1.96591107498588E-4
2127.204,-1.43449292144529E-4
2129.132,-8.16535187273767E-5
2131.061,1.34742964679797E-6
2132.99,4.52652712869114E-5
2134.918,8.3848003823021E-5
2136.847,5.82131104055357E-5
2138.775,0
2140.704,-7.93013519537157E-6
2142.632,3.17460916665152E-5
2144.561,4.9185740213159E-5
2146.49,4.95088035577078E-5
2148.418,2.19818387722698E-5
2150.347,-5.08374510579724E-5
2152.275,-9.99802395337257E-5
2154.204,-1.20713182334278E-4
2156.132,-1.67065273274528E-4
2158.061,-1.61309382167424E-4
2159.989,-1.7249011724661E-4
2161.918,-1.78889544797342E-4
2163.846,-1.22343695901281E-4
2165.775,-1.25705194435222E-4
2167.704,-1.94616680910778E-4
2169.632,-1.91903521922268E-4
2171.561,-1.84844602431306E-4
2173.489,-1.90378337641001E-4
2175.418,-1.69429541270702E-4
2177.346,-1.53694312354932E-4
2179.275,-1.240633857712E-4
2181.204,-9.22609944212478E-5
2183.132,-1.5292287416562E-4
2185.061,-1.73207286579563E-4
2186.989,-8.80246295848874E-5
2188.918,-1.80192029992171E-5
2190.846,-1.27023265597297E-5
2192.775,0
2194.704,-2.89047895812957E-5
2196.632,-2.95708319908193E-5
2198.561,-7.93157078860929E-5
2200.489,-7.43357286240928E-5
2202.418,-5.0696945276335E-5
2204.346,-7.21999638183908E-5
2206.275,-5.74555978479139E-5
2208.203,2.22992888832969E-5
2210.132,9.08984564053885E-5
2212.061,1.32792051799572E-4
2213.989,1.71239093139202E-4
2215.918,2.0220269439229E-4
2217.846,2.33324180529478E-4
2219.775,2.542180523143E-4
2221.703,2.39125711339695E-4
2223.632,2.58028189539827E-4
2225.561,2.56579523597603E-4
2227.489,2.28398441800053E-4
2229.418,2.09160713475129E-4
2231.346,2.13302239877107E-4
2233.275,1.3150983352378E-4
2235.203,1.94249361572371E-6
2237.132,-1.01271759895303E-4
2239.06,-1.02668321100496E-4
2240.989,-9.11635707169297E-5
2242.917,-7.92883807891521E-5
2244.846,-2.68387337648375E-5
2246.775,0
2248.703,1.22780167140944E-5
2250.632,5.45385993188303E-5
2252.56,1.48765536527992E-4
2254.489,2.54114301757854E-4
2256.417,2.46328119176604E-4
2258.346,2.21653800504824E-4
2260.275,1.69908003681202E-4
2262.203,9.31446178254737E-5
2264.132,-1.94956180087317E-5
2266.06,-1.96211420574696E-4
2267.989,-3.35335527280576E-4
2269.917,-4.44383689507265E-4
2271.846,-5.90549691759378E-4
2273.774,-6.97836246876771E-4
2275.703,-7.37909936879545E-4
2277.632,-7.70466373035807E-4
2279.56,-8.10229888330596E-4
2281.489,-8.0960577995847E-4
2283.417,-8.47628022666251E-4
2285.346,-9.2471636877675E-4
2287.274,-9.78787330346826E-4
2289.203,-9.66008548197012E-4
2291.132,-8.90718655367413E-4
2293.06,-8.1889211839474E-4
2294.989,-6.93634341239821E-4
2296.917,-4.83922605131991E-4
2298.846,-2.61546848442916E-4
2300.774,0
2302.703,2.01806996095044E-4
2304.632,4.74700724460753E-4
2306.56,7.58455890240876E-4
2308.489,0.00102544469102724
2310.417,0.00136510694989011
2312.346,0.00177101339740571
2314.274,0.00214150145507527
2316.203,0.00248725935155611
2318.131,0.0025879528943255
2320.06,0.00239811240520644
2321.989,0.00199092675690863
2323.917,0.00156170564800143
2325.846,0.00143372877314497
2327.774,0.00157766243934132
2329.703,0.00169774825761846
2331.631,0.00129338443879442
2333.56,5.04400808967801E-4
2335.489,1.44187017183032E-4
2337.417,3.96580719817881E-4
2339.346,8.85731993237723E-4
2341.274,9.97706612516303E-4
2343.203,7.59117993119207E-4
2345.131,3.2101128464254E-4
2347.06,-3.32487916454956E-4
2348.989,-6.2371788895573E-4
2350.917,-4.41194559750972E-4
2352.845,-1.78131411453819E-4
2354.774,0
2356.703,1.38202384807573E-4
2358.631,2.23746244025241E-4
2360.56,3.54222274638378E-4
2362.488,6.09542241577553E-4
2364.417,7.52381504727529E-4
2366.345,7.57343361656087E-4
2368.274,7.15554418712955E-4
2370.203,7.12928100633965E-4
2372.131,8.18363903069352E-4
2374.06,8.63653081690275E-4
2375.988,7.57431241285072E-4
2377.917,5.9306127084498E-4
2379.845,2.64987347078105E-4
2381.774,-2.26871307048582E-4
2383.703,-7.16540700422363E-4
2385.631,-9.9635498317317E-4
2387.56,-0.00109966305973049
2389.488,-0.0010752382693257
2391.417,-9.66592622149087E-4
2393.345,-8.43988621098486E-4
2395.274,-7.49785394931196E-4
2397.202,-5.97722374986998E-4
2399.131,-4.4887624548603E-4
2401.06,-3.49435430818945E-4
2402.988,-2.77061049746613E-4
2404.917,-1.73430389916268E-4
2406.845,-6.19483650081917E-5
2408.774,0
2410.702,-4.47165797373326E-5
2412.631,-5.71123089271224E-5
2414.56,-8.33754666131042E-5
2416.488,-1.4144564873029E-4
2418.417,-2.05667804312987E-4
2420.345,-2.38626533052592E-4
2422.274,-2.71772705216506E-4
2424.202,-2.92417832884878E-4
2426.131,-3.20575325264191E-4
2428.06,-2.80831598224142E-4
2429.988,-2.22541739429581E-4
2431.917,-2.51259493638925E-4
2433.845,-2.65695853691938E-4
2435.774,-2.11182203712084E-4
2437.702,-1.73157463421248E-4
2439.631,-1.58772292197512E-4
2441.559,-1.74552521235507E-4
2443.488,-2.24586470232142E-4
2445.417,-2.69333780087656E-4
2447.345,-2.69237524407415E-4
2449.274,-2.62979758144712E-4
2451.202,-2.6109272787319E-4
2453.131,-2.35239678512792E-4
2455.059,-1.55767724588318E-4
2456.988,-9.87841454119613E-5
2458.917,-8.79972602311305E-5
2460.845,-8.79378837972129E-5
2462.774,0
2464.702,3.32277166106092E-5
2466.631,1.57804653077363E-5
2468.559,-3.65539144605263E-7
2470.488,8.22531286355402E-6
2472.417,2.71777942841944E-5
2474.345,5.25232645276401E-5
2476.273,7.15559590575873E-5
2478.202,7.50527233982792E-5
2480.131,9.23073855970396E-5
2482.059,8.54356498363817E-5
2483.988,7.28691053448808E-5
2485.916,9.57756994368483E-5
2487.845,1.11767590212182E-4
2489.773,1.1055671041018E-4
2491.702,7.6009868806478E-5
2493.631,3.15017375229933E-5
2495.559,-2.18393594022563E-5
2497.488,-3.82662760798948E-5
2499.416,-5.40890536298816E-5
2501.345,-5.79818714169492E-5
2503.273,-7.43670207538524E-5
2505.202,-7.04708598155883E-5
2507.131,-9.24142183585321E-5
2509.059,-1.00834146714869E-4
2510.988,-9.18038254799228E-5
2512.916,-7.64734427382351E-5
2514.845,-3.77771329442639E-5
2516.773,0
2518.702,7.79876323451346E-5
2520.63,1.3178269411523E-4
2522.559,2.32806931824766E-4
2524.488,3.73679528331411E-4
2526.416,4.98904057595899E-4
2528.345,6.1466931791422E-4
2530.273,6.36926247442993E-4
2532.202,5.64815417355599E-4
2534.13,4.47263068243493E-4
2536.059,3.32762258166368E-4
2537.988,2.34615823145895E-4
2539.916,1.49105559529795E-4
2541.845,3.19245784191196E-5
2543.773,-9.84392982928998E-5
2545.702,-2.04105844677885E-4
2547.63,-2.73032591863683E-4
2549.559,-3.368522624228E-4
2551.488,-3.28810778544003E-4
2553.416,-3.08570048057177E-4
2555.344,-2.7807665911035E-4
2557.273,-2.31499724629495E-4
2559.202,-1.65367613201342E-4
2561.13,-7.43359557867681E-5
2563.059,-4.19030898967402E-6
2564.987,1.55749051495209E-5
2566.916,2.26562877560551E-5
2568.844,-8.69042403374264E-6
2570.773,0
2572.702,5.98843599228475E-5
2574.63,7.20931290511091E-5
2576.559,5.67863984376259E-5
2578.487,9.07293784657916E-5
2580.416,8.77235958824834E-5
2582.344,3.7600999444419E-5
2584.273,7.64809600017902E-6
2586.202,9.4815294179461E-7
2588.13,-1.30518047742783E-5
2590.059,-1.32422958889393E-6
2591.987,2.64433411280231E-5
2593.916,7.82500424477588E-5
2595.844,1.22804517635165E-4
2597.773,1.31537048820629E-4
2599.701,1.56662405725581E-4
2601.63,2.0792140817728E-4
2603.559,1.35259460387484E-4
2605.487,-1.21955434184483E-5
2607.416,-1.46873058006324E-4
2609.344,-2.06357867206765E-4
2611.273,-1.66786465878199E-4
2613.201,-1.39332634029057E-4
2615.13,-1.28955138606102E-4
2617.059,-8.44648655600401E-5
2618.987,-4.88777149552981E-5
2620.916,-1.28538980540655E-5
2622.844,5.65721902193644E-6
2624.773,0
2626.701,-1.69219531022689E-5
2628.63,-4.68637673778725E-5
2630.559,-6.90206900483544E-5
2632.487,-7.25898160143964E-5
2634.416,-2.8611158684419E-5
2636.344,4.32526219572587E-5
2638.273,3.8607986747385E-5
2640.201,1.87017370894755E-5
2642.13,-4.31448642926129E-6
2644.058,-8.39900947608872E-6
2645.987,7.90420121171617E-6
2647.916,3.78040104336924E-5
2649.844,7.55099531207964E-5
2651.773,1.24828646728614E-4
2653.701,1.37729500756171E-4
2655.63,1.29879727727597E-4
2657.558,1.27665941527078E-4
2659.487,1.41059906266965E-4
2661.416,1.35951924081421E-4
2663.344,1.23189524003177E-4
2665.273,1.34327557892716E-4
2667.201,8.72672923409851E-5
2669.13,-4.04555445653087E-6
2671.058,-2.80714853614742E-5
2672.987,-2.73412426745842E-5
2674.916,1.16575768315571E-6
2676.844,2.8791563483284E-5
2678.772,0
2680.701,-1.60158676024603E-4
2682.63,-3.40687115520735E-4
2684.558,-4.83855503153135E-4
2686.487,-5.14728996177144E-4
2688.415,-5.00445545969327E-4
2690.344,-4.93124888296946E-4
2692.272,-5.20468159627752E-4
2694.201,-5.51316509599677E-4
2696.13,-5.62194868276325E-4
2698.058,-5.24837070078415E-4
2699.987,-4.95740159426533E-4
2701.915,-5.14097987406411E-4
2703.844,-5.90298058712689E-4
2705.772,-6.78012621384228E-4
2707.701,-7.14646254573971E-4
2709.63,-7.24257871900787E-4
2711.558,-7.10360349404997E-4
2713.487,-7.28684201167917E-4
2715.415,-7.923762059832E-4
2717.344,-8.44589970167601E-4
2719.272,-8.75947043653291E-4
2721.201,-8.66956464823094E-4
2723.129,-8.17475690637241E-4
2725.058,-7.83568952166201E-4
2726.987,-7.66819309297656E-4
2728.915,-6.57498753438221E-4
2730.844,-4.19463899500425E-4
2732.772,0
2734.701,7.05403033728651E-4
2736.629,0.0014474387088692
2738.558,0.00197270162711346
2740.487,0.00224923766979438
2742.415,0.00240649370422925
2744.344,0.00249528634516985
2746.272,0.00229680301111285
2748.201,0.00174183326740253
2750.129,0.0010357502690786
2752.058,3.87403942202615E-4
2753.987,-6.5038479470504E-5
2755.915,-3.16501314562616E-4
2757.844,-4.6303994672717E-4
2759.772,-4.74622685428972E-4
2761.701,-4.04737008626902E-4
2763.629,-3.91301363659953E-4
2765.558,-4.09869649035153E-4
2767.486,-3.86555645938493E-4
2769.415,-3.59701139305107E-4
2771.344,-3.18098590910117E-4
2773.272,-2.69246760598307E-4
2775.201,-2.15896347735648E-4
2777.129,-1.58340786338646E-4
2779.058,-1.18999223629E-4
2780.986,-1.32365153786631E-4
2782.915,-1.05119441411221E-4
2784.844,-4.55033796552838E-5
2786.772,0
2788.701,-4.50629616088944E-5
2790.629,-1.22158096632313E-4
2792.558,-2.22873354581621E-4
2794.486,-3.04275456462199E-4
2796.415,-3.55996906340289E-4
2798.343,-3.57376259867586E-4
2800.272,-3.50641970856713E-4
2802.2,-3.16864923790194E-4
2804.129,-2.99821235809922E-4
2806.058,-2.96522615079365E-4
2807.986,-2.18592415518004E-4
2809.915,-1.08569722633051E-4
2811.843,-2.79497710143836E-6
2813.772,1.24695460425595E-4
2815.7,2.07842886462002E-4
2817.629,2.2072962641625E-4
2819.558,1.81335613468536E-4
2821.486,1.99520783689184E-4
2823.415,2.06464669598577E-4
2825.343,1.87866292076611E-4
2827.272,1.55522602211355E-4
2829.2,6.69619307529798E-5
2831.129,-1.4516078777632E-5
2833.057,-4.0706943919765E-5
2834.986,-6.65368901927362E-5
2836.915,-5.63618718974869E-5
2838.843,-3.28498754000811E-5
2840.772,0
2842.7,-2.90194554872789E-5
2844.629,-1.45168749329273E-6
2846.557,1.55811369530611E-4
2848.486,5.7833930108837E-4
2850.415,0.00136184857069842
2852.343,0.00259289641116555
2854.272,0.00442463306539733
2856.2,0.00684978133417116
2858.129,0.00959887105399043
2860.057,0.0121857292215992
2861.986,0.0140692123593815
2863.915,0.0149347788305132
2865.843,0.0146493269733132
2867.771,0.0134685683130127
2869.7,0.0119198981244078
2871.629,0.0104891153902361
2873.557,0.00919454949442752
2875.486,0.00782097798163861
2877.414,0.00642332944559987
2879.343,0.00505782388331092
2881.271,0.00379410475922751
2883.2,0.00272555961267335
2885.129,0.00187582055621193
2887.057,0.00119284793076989
2888.986,6.6071706226236E-4
2890.914,2.87668696896689E-4
2892.843,6.17819732565122E-5
2894.771,0
2896.7,3.31462151977789E-4
2898.629,7.59195565700271E-4
2900.557,0.00128518079921142
2902.486,0.00181659337484704
2904.414,0.00246703628628203
2906.343,0.00332604806952477
2908.271,0.00447315558958172
2910.2,0.00594330792605011
2912.128,0.00781313232998721
2914.057,0.0101228528997469
2915.986,0.013056387331588
2917.914,0.0166881464365593
2919.843,0.0208024431505153
2921.771,0.024979164054066
2923.7,0.0285540379583924
2925.628,0.0310265496537346
2927.557,0.0320512483465579
2929.486,0.0315532687143739
2931.414,0.0296692322147535
2933.343,0.0269304335438724
2935.271,0.0238673898378385
2937.2,0.0207249280582531
2939.128,0.0176370450270518
2941.057,0.0149225385242211
2942.986,0.0128333392100139
2944.914,0.0114242799777174
2946.843,0.0107840334073671
2948.771,0.0110295961190147
2950.7,0.0122592277282722
2952.628,0.0141597629025536
2954.557,0.0163870558061234
2956.485,0.0186144749102868
2958.414,0.0203674243130385
2960.343,0.0213045253762485
2962.271,0.0214685416809149
2964.2,0.02099816470241
2966.128,0.0199897453728225
2968.057,0.0185897176277213
2969.985,0.0172538490579081
2971.914,0.0163923310605056
2973.843,0.0160646701699051
2975.771,0.0162220051603972
2977.7,0.0167714246775663
2979.628,0.0174013118772383
2981.557,0.0178289088042494
2983.485,0.0178714928078742
2985.414,0.0175142438011187
2987.343,0.0168127727983656
2989.271,0.0156911804413233
2991.199,0.0142341100689652
2993.128,0.0125695742511496
2995.057,0.0108007850069849
2996.985,0.00905939788504889
2998.914,0.00739095520310442
3000.842,0.00579913243975316
3002.771,0.00443825305913079
3004.699,0.0033387769267978
3006.628,0.00255002381210204
3008.557,0.00214478152613229
3010.485,0.00214821808632724
3012.414,0.00251147487566956
3014.342,0.00342202898722583
3016.271,0.00504411693363188
3018.199,0.00754173007925826
3020.128,0.0108993838721589
3022.057,0.0148651622625789
3023.985,0.0184844021228851
3025.914,0.0206865492591329
3027.842,0.0210396288414858
3029.771,0.0197334858335088
3031.699,0.017144203238681
3033.628,0.0141440878239055
3035.556,0.0115477877915644
3037.485,0.0097624119694951
3039.414,0.00886563417335299
3041.342,0.0085590412286468
3043.271,0.0085918144487344
3045.199,0.00887068208041553
3047.128,0.00942827517949757
3049.056,0.0104206809903641
3050.985,0.0119162616174401
3052.914,0.0141267591508628
3054.842,0.0170458341003154
3056.771,0.0203654133730121
3058.699,0.0237782678825089
3060.628,0.0271588262493168
3062.556,0.0299736183375941
3064.485,0.0314183444422002
3066.414,0.0307843529648079
3068.342,0.0281982461556309
3070.271,0.0247176484200451
3072.199,0.02145112975706
3074.128,0.019016059811861
3076.056,0.0175904953821537
3077.985,0.0171154974460282
3079.913,0.0173991352913462
3081.842,0.0178898726773152
3083.771,0.0181072588846773
3085.699,0.0176150241736975
3087.628,0.0160935598501763
3089.556,0.0136568013587935
3091.485,0.0109152968062144
3093.413,0.00849249165162765
3095.342,0.00670999892347285
3097.271,0.00552607146873134
3099.199,0.0049130225594984
3101.128,0.00463221760388338
3103.056,0.00444298002227714
3104.985,0.00431869966044947
3106.913,0.00426103766469431
3108.842,0.0040222198700853
3110.771,0.00352115847046037
3112.699,0.00288590710458578
3114.627,0.00232208945166624
3116.556,0.00191749526472972
3118.485,0.00160274098084076
3120.413,0.00132318950746804
3122.342,0.0010437133410019
3124.27,7.57188744768782E-4
3126.199,5.94305977039915E-4
3128.127,4.36544508105163E-4
3130.056,3.55939904199963E-4
3131.985,3.51604349986139E-4
3133.913,2.61956242894817E-4
3135.842,2.09320002532965E-4
3137.77,2.4392452995341E-4
3139.699,2.27358205265844E-4
3141.627,1.93322131835744E-4
3143.556,2.18655875174468E-4
3145.485,2.24740389123413E-4
3147.413,2.92442632380563E-4
3149.342,3.51098959886615E-4
3151.27,3.33434591561894E-4
3153.199,2.10440688840524E-4
3155.127,7.5687074057874E-5
3157.056,0
3158.984,-7.44215600688337E-5
3160.913,-1.31528058181692E-4
3162.842,-1.83874268370262E-4
3164.77,-2.00784119419742E-4
3166.699,-2.322333428653E-4
3168.627,-2.46693996988844E-4
3170.556,-2.32137144928313E-4
3172.484,-2.41677887145981E-4
3174.413,-2.40416827121244E-4
3176.342,-2.35024480238341E-4
3178.27,-2.41424782030745E-4
3180.199,-2.73479690040805E-4
3182.127,-2.67009973999088E-4
3184.056,-2.05216049481205E-4
3185.984,-1.98007498883952E-4
3187.913,-2.26397699770694E-4
3189.842,-1.9518792193581E-4
3191.77,-1.48967923217983E-4
3193.698,-1.41709970394198E-4
3195.627,-1.22878345346077E-4
3197.556,-1.19680803833289E-4
3199.484,-1.61529867349704E-4
3201.413,-1.92058356648113E-4
3203.341,-1.84828783452976E-4
3205.27,-1.43718185567613E-4
3207.198,-1.16518224290595E-4
3209.127,-3.28620036821321E-5
3211.056,0
3212.984,-4.91883253994286E-5
3214.913,-7.14501997089214E-5
3216.841,-7.72226528976664E-5
3218.77,-9.19747579548427E-6
3220.698,-3.05980184654192E-5
3222.627,-7.8030065603127E-5
3224.556,-7.51135798948119E-5
3226.484,-3.62897936380873E-6
3228.413,-5.88711529359875E-5
3230.341,-1.07166638082571E-4
3232.27,-4.00246708269838E-5
3234.198,-7.74711829611669E-5
3236.127,-1.32259824819384E-4
3238.055,-1.50604718134885E-4
3239.984,-1.663378994355E-4
3241.913,-1.66019436776771E-4
3243.841,-7.63409357227197E-5
3245.77,-2.82982819538912E-5
3247.698,-4.79476106153512E-5
3249.627,-9.70873898714455E-5
3251.555,-8.37618575080825E-5
3253.484,2.63192994447299E-5
3255.413,5.74419007899646E-5
3257.341,-2.46840767378815E-5
3259.27,-7.42517303521392E-5
3261.198,-9.08547441798811E-5
3263.127,-7.23177819184417E-5
3265.055,0
3266.984,1.34749237609772E-5
3268.913,-4.24516244096195E-5
3270.841,-5.1970869872219E-5
3272.77,4.0878514808748E-5
3274.698,4.26340123737933E-5
3276.627,-6.18587518682139E-5
3278.555,-1.37279140980496E-4
3280.484,-1.00824481886246E-4
3282.412,-7.39154832489614E-5
3284.341,-6.0006350917996E-5
3286.27,-4.8698738064205E-5
3288.198,-8.34778483751E-6
3290.127,7.58118462303346E-5
3292.055,6.15248832180875E-5
3293.984,-4.64048088142877E-5
3295.912,-4.29077619871069E-5
3297.841,1.39217942197392E-5
3299.77,-2.95059199181737E-6
3301.698,4.88166650412336E-6
3303.627,2.0958542954408E-5
3305.555,-2.3661310946224E-5
3307.484,4.09661177856504E-5
3309.412,1.19465835033874E-4
3311.341,7.74473413424831E-5
3313.27,6.31787984625432E-5
3315.198,4.37030273613222E-5
3317.126,-4.80837614586676E-6
3319.055,0
3320.984,3.21800938649849E-5
3322.912,6.04600960694448E-5
3324.841,1.06948757899568E-4
3326.769,1.20927390799668E-4
3328.698,1.0239572577783E-4
3330.626,7.82290179056415E-5
3332.555,1.26886028167239E-4
3334.484,2.362479117596E-4
3336.412,2.38088733281047E-4
3338.341,6.43581125735987E-5
3340.269,1.07243047799459E-5
3342.198,4.20366165716198E-5
3344.126,4.47444374613653E-5
3346.055,2.75175383872559E-5
3347.984,5.57966700989383E-5
3349.912,5.3737062837763E-5
3351.841,7.04113465604462E-6
3353.769,1.32157421009516E-5
3355.698,2.45919120854507E-5
3357.626,3.81339684790495E-5
3359.555,8.89504128837037E-5
3361.483,1.44539333327818E-4
3363.412,7.48635796223051E-5
3365.341,3.2934019614512E-5
3367.269,2.78413524776356E-5
3369.198,-3.68338384218697E-6
3371.126,-4.44219646113936E-6
3373.055,0
3374.983,-6.20710141009684E-5
3376.912,-1.30625252351002E-4
3378.841,-8.52459444039939E-5
3380.769,-8.96879820802669E-5
3382.698,-3.56413306725363E-5
3384.626,-8.0234233233896E-6
3386.555,-1.32459796290835E-4
3388.483,-2.33909947025125E-4
3390.412,-9.80222473203898E-5
3392.34,1.20666495950382E-4
3394.269,5.81573989954449E-5
3396.198,1.03548016556143E-4
3398.126,1.45904871262554E-4
3400.055,5.47976374276728E-5
3401.983,4.7321048309274E-5
3403.912,2.85840937490414E-5
3405.84,-9.64908898309306E-6
3407.769,-7.1560826220827E-6
3409.698,6.16675095082772E-6
3411.626,7.10403894196531E-5
3413.555,9.51958527946235E-5
3415.483,7.4721969775083E-5
3417.412,1.32239492346183E-4
3419.34,2.80338130256364E-4
3421.269,3.23139762203613E-4
3423.198,2.51513313646092E-4
3425.126,8.24124230080225E-5
3427.054,0
3428.983,5.56035048764956E-5
3430.912,5.96625941612491E-5
3432.84,1.95429509323207E-5
3434.769,1.10387168523293E-5
3436.697,-5.25428931147159E-6
3438.626,-2.45886573992851E-5
3440.554,-2.74519972360832E-5
3442.483,1.82013859089734E-5
3444.412,1.33204942601845E-4
3446.34,3.99592373000139E-4
3448.269,2.6360665479737E-4
3450.197,-1.13709042939778E-4
3452.126,-2.5172931990579E-4
3454.054,-2.2774221422095E-4
3455.983,-1.94229980799255E-4
3457.912,-1.62878042057151E-4
3459.84,-1.11580018898541E-4
3461.769,-7.41479604198642E-5
3463.697,-2.00501288249382E-4
3465.626,-2.38032105268391E-4
3467.554,-2.67755144656375E-4
3469.483,-3.38206485211035E-4
3471.411,-3.16378979183516E-4
3473.34,-1.99232191361634E-4
3475.269,-1.75664498807611E-4
3477.197,-2.54359837940803E-4
3479.126,-1.44980050776665E-4
3481.054,0
3482.983,-9.26047802553518E-5
3484.911,-1.65683096123619E-4
3486.84,-1.81000277824995E-5
3488.769,-1.14609277315969E-4
3490.697,-3.19012028104155E-4
3492.626,-2.57731432135549E-4
3494.554,-8.11104512409289E-5
3496.483,-6.79220822633032E-5
3498.411,-1.33210449274039E-4
3500.34,1.12879466083813E-4
3502.269,4.85892527035703E-4
3504.197,2.19996262081894E-4
3506.125,-1.33348972273297E-4
3508.054,2.16039551164782E-4
3509.983,3.10847563322061E-4
3511.911,-1.25430374701123E-4
3513.84,-2.97380120385085E-4
3515.768,-2.87226854451115E-4
3517.697,-2.08140661959528E-4
3519.625,-1.19489043464762E-4
3521.554,2.65133326457723E-4
3523.483,6.44684670487008E-4
3525.411,5.91886522672076E-4
3527.34,5.89046190501561E-4
3529.268,2.83280585283632E-4
3531.197,-1.82139405525046E-4
3533.125,-3.58004011357163E-4
3535.054,0
3536.983,-6.16625966195779E-5
3538.911,-4.25179812875459E-4
3540.84,-4.3133430937159E-4
3542.768,9.71684850601956E-5
3544.697,8.46922111338216E-4
3546.625,7.71823121386656E-4
3548.554,-3.91778641747886E-5
3550.482,-1.71159150673338E-4
3552.411,2.37886978426696E-5
3554.34,-4.03884299296097E-4
3556.268,-8.04796221649417E-4
3558.197,-7.00324513978072E-4
3560.125,-4.08674025034388E-4
3562.054,-3.11056475380865E-4
3563.982,4.61707934371102E-4
3565.911,0.00212089594306966
3567.84,0.00174665913338136
3569.768,-2.72428535623758E-4
3571.697,-0.00117524361541863
3573.625,-0.00118872870055534
3575.554,-0.00113151969076425
3577.482,-0.00119966257867543
3579.411,-0.00121489855153759
3581.34,-0.0012175465631557
3583.268,-9.36572670182212E-4
3585.197,2.33050982990507E-4
3587.125,0.00146870078521824
3589.054,0
3590.982,-0.00113753057405525
3592.911,-6.05603597090906E-4
3594.839,-3.81248226032558E-5
3596.768,-2.91664056661626E-4
3598.697,-5.61750241158953E-4
3600.625,-6.33701179429847E-4
3602.554,-9.5444015454484E-4
3604.482,-7.71647413484086E-4
3606.411,2.75402265423793E-4
3608.339,5.66362148674189E-4
3610.268,8.36410299615567E-5
3612.197,6.42522842164633E-4
3614.125,7.30950902281906E-4
3616.054,4.98628231551743E-4
3617.982,0.00116705891982607
3619.911,7.36261536530948E-4
3621.839,-3.09052541207222E-4
3623.768,-3.6292517121624E-4
3625.697,5.20273480426616E-4
3627.625,0.00242045388099828
3629.553,0.00223633259113067
3631.482,3.28984318436088E-4
3633.411,6.86955534448838E-5
3635.339,-2.21430531614904E-4
3637.268,-3.46582961521335E-4
3639.196,-4.01542387732416E-4
3641.125,-2.88887662868449E-4
3643.053,0
3644.982,9.71856014104018E-4
3646.911,0.00319906787458863
3648.839,0.00425186926701617
3650.768,0.00278270816195841
3652.696,6.15076034882545E-4
3654.625,5.56221502897177E-4
3656.553,7.8639814245496E-4
3658.482,-2.3136309334451E-5
3660.411,-4.63078495808564E-4
3662.339,-6.07499995990836E-4
3664.268,-5.42790527974964E-4
3666.196,-2.25891168981962E-4
3668.125,0.00116732218251618
3670.053,0.00196730946619517
3671.982,0.00101319853759754
3673.91,0.0020697014375669
3675.839,0.00290519634711363
3677.768,0.00113699272437689
3679.696,1.3023733687446E-4
3681.625,-3.59526743015165E-4
3683.553,-1.40246173900405E-4
3685.482,4.43729625350471E-4
3687.41,0.00159398428313949
3689.339,0.00210470049978586
3691.268,0.00110366396936994
3693.196,2.83316179051737E-5
3695.125,-9.16860039587743E-5
3697.053,0
3698.982,2.47104979924164E-5
3700.91,3.17438261172122E-4
3702.839,-4.81893206210747E-5
3704.768,-5.67266812316785E-4
3706.696,-3.7321591898385E-4
3708.625,6.03919913686775E-4
3710.553,0.00171138745752308
3712.482,9.47985573122764E-4
3714.41,-5.54370082083277E-4
3716.339,-9.98002475323958E-4
3718.267,-4.99477686160586E-4
3720.196,-2.15685823392385E-5
3722.125,3.36778346271523E-4
3724.053,2.37384937063823E-4
3725.982,2.16886439176453E-4
3727.91,-5.45390216581086E-4
3729.839,-7.570732734304E-4
3731.767,1.13740400099196E-4
3733.696,0.00172500551080192
3735.625,0.0021858790168131
3737.553,-1.32437436980663E-5
3739.482,-0.00116246184020701
3741.41,-9.99146097470249E-4
3743.339,5.34383577922169E-4
3745.267,4.83679162035557E-4
3747.196,-7.89595608888117E-4
3749.125,-5.09206097584696E-4
3751.053,0
3752.981,-7.97103091431334E-4
3754.91,-0.0017021072282062
3756.839,-0.0016602266173924
3758.767,-0.00162507793428661
3760.696,-0.00220053662030042
3762.624,-0.00252691313843428
3764.553,-0.00191464321108596
3766.481,-0.00191079733264673
3768.41,-0.00168786078705103
3770.339,-0.00157035737496066
3772.267,-0.00240388703778102
3774.196,-0.00266889214998276
3776.124,-0.00238702218961971
3778.053,-0.00149123687520014
3779.981,-0.00133809174021516
3781.91,-0.00195277390129091
3783.839,-0.00171145267125441
3785.767,-0.00161081024778779
3787.696,-0.00177713937055583
3789.624,-0.00176635559976973
3791.553,-0.00177983259750286
3793.481,-0.00170395199834635
3795.41,-0.00101468591166417
3797.338,-5.98483558683399E-4
3799.267,-2.00588166777687E-4
3801.196,8.61529966234472E-4
3803.124,2.71802420866773E-4
3805.053,0
3806.981,1.85494273371818E-4
3808.91,-7.20763464980307E-4
3810.838,-0.0011432815537584
3812.767,-9.23102220019158E-4
3814.696,1.20496312098114E-4
3816.624,3.67087529396463E-4
3818.553,3.88387911975709E-4
3820.481,0.00160042134488741
3822.41,6.0524613252665E-4
3824.338,-3.03844235742781E-4
3826.267,-1.12273779017374E-4
3828.196,-3.87376505371546E-4
3830.124,-2.40862703633371E-4
3832.052,5.37309635331121E-5
3833.981,1.81355945455258E-4
3835.91,8.82715187777153E-4
3837.838,0.00182297316940841
3839.767,0.00168652190751481
3841.695,7.00537952427764E-4
3843.624,-8.10024070602579E-5
3845.552,-6.05895253224411E-4
3847.481,-4.30781782667704E-4
3849.41,3.40505954409143E-4
3851.338,0.00174801609917211
3853.267,0.00293505510344946
3855.195,0.00153281598835977
3857.124,5.70720967724657E-4
3859.052,0
3860.981,5.0009401104869E-4
3862.91,0.00123522601577268
3864.838,0.00115401869299647
3866.767,5.03503454409771E-4
3868.695,0.00152833903195513
3870.624,0.00183433442884629
3872.552,0.00134115730320879
3874.481,8.92182689706461E-4
3876.409,-1.60037505116787E-4
3878.338,5.34034467019458E-4
3880.267,0.00167104451652043
3882.195,0.00101839558356192
3884.124,0.0010743611209237
3886.052,9.83000041205807E-4
3887.981,1.14486531296698E-4
3889.909,7.82622352797594E-4
3891.838,0.00117394884957482
3893.767,3.05289850169479E-4
3895.695,4.28595956715623E-6
3897.624,0.00103797973746282
3899.552,0.00224959618894726
3901.481,0.00243486289650809
3903.409,0.00231839632552275
3905.338,0.00125263424127964
3907.267,7.93514612741543E-5
3909.195,-3.44457916332552E-4
3911.124,-3.3634015171824E-4
3913.052,-3.63826993276126E-4
3914.981,3.22905555453758E-4
3916.909,0.00100104468384193
3918.838,7.08069709507169E-4
3920.766,3.02749627059147E-4
3922.695,4.10329593542975E-4
3924.624,7.26797542090669E-4
3926.552,1.40488736658426E-4
3928.481,5.33032049846976E-5
3930.409,6.53348806935583E-4
3932.338,9.47861321957155E-4
3934.266,2.16488755455093E-4
3936.195,-2.21261063333743E-4
3938.124,-2.03588380840302E-4
3940.052,8.71669390063372E-5
3941.981,7.51033299938101E-4
3943.909,5.15628165809274E-4
3945.838,2.78921258691217E-4
3947.766,7.30937901923087E-4
3949.695,6.05261976910106E-4
3951.623,5.01130639512396E-5
3953.552,-1.14408046635252E-4
3955.48,9.21652897277984E-5
3957.409,1.82511914898754E-4
3959.338,2.19017388714837E-4
3961.266,1.21917365258043E-4
3963.195,-2.18781366370278E-4
3965.123,-4.10363561941568E-4
3967.052,-3.55369566101689E-4
3968.98,-1.93127607298852E-4
3970.909,-3.65163183559883E-5
3972.838,-6.14091902284282E-5
3974.766,-7.20555428058847E-5
3976.695,-1.26348195921602E-4
3978.623,-2.79325066862491E-4
3980.552,-2.53841964274815E-4
3982.48,-1.3109238263159E-4
3984.409,-2.37724547630699E-5
3986.337,-2.66875782722504E-5
3988.266,-2.69512255706661E-5
3990.195,8.24767252527147E-5
3992.123,7.21308309459668E-5
3994.052,1.67327715749738E-4
3995.98,1.70233073832369E-4
3997.909,4.26631227254255E-5
3999.837,2.71050543121376E-20
