399.2123,0.0195374705452356
401.1409,0.00995379265110901
403.0695,0.00367755475698241
404.998,-2.21190807065674E-4
406.9266,-0.00229906870119227
408.8552,4.95663404681128E-4
410.7837,0.00147440784063304
412.7123,-0.00199002005349355
414.6408,-0.00512813061754164
416.5694,8.10846488331763E-4
418.498,0.00885570859420517
420.4265,0.00702933303015708
422.3551,0.00457999513603047
424.2837,0.00412037724190388
426.2122,0.00472700167785579
428.1408,0.00457868378372919
430.0693,0.00211064821968111
431.9979,3.53670325554509E-4
433.9265,-9.91789568572087E-4
435.855,-9.67583132620177E-4
437.7836,-8.12585026746771E-4
439.7121,-0.00120072759079486
441.6407,-2.13874849214583E-5
443.5693,2.67787620951938E-4
445.4978,-0.00129405494309615
447.4264,-0.00164702983722274
449.3549,-0.00164433540127083
451.2835,-4.98297295397429E-4
453.2121,-7.36961189524025E-4
455.1406,-5.38178753572117E-4
457.0692,0.00251649935230129
458.9978,0.00170120145817469
460.9263,2.08128941266046E-5
462.8549,0
464.7834,-0.00168353765716143
466.712,-0.00250255942729446
468.6406,-0.00273738719742748
470.5691,-0.00106474085458891
472.4977,0.00175643237527806
474.4263,0.00273405960514504
476.3548,0.00550844094798361
478.2834,0.0117844081778506
480.2119,0.0182481695206892
482.1405,0.0198967467505561
484.0691,0.0147877839804231
485.9976,0.00792704532326167
487.9262,0.00319909255312865
489.8548,0.00197620978299563
491.7833,0.00203770112583419
493.7119,0.00197518835570117
495.6404,0.00243032969853974
497.569,0.00456303692840672
499.4976,0.00758240415827369
501.4261,0.0118411755011123
503.3547,0.0126663027309792
505.2832,0.0114074240738178
507.2118,0.0117963413036848
509.1404,0.0166743085335518
511.0689,0.0306999198763903
512.9975,0.0520341071062573
514.9261,0.0621921343361243
516.8546,0.0519747356789628
518.7832,0.0349413129088298
520.7117,0.0230345842516684
522.6403,0.0176861514815354
524.5688,0.0173321028243739
526.4974,0.0200454600542409
528.426,0.0274413772841079
530.3546,0.0429065845139749
532.2831,0.0642380958568134
534.2117,0.0845960830866804
536.1403,0.0991903703165474
538.0688,0.092334951659386
539.9974,0.0653632488892529
541.9259,0.0420426502320915
543.8545,0.0295776174619585
545.783,0.0250002588047971
547.7116,0.026241816034664
549.6402,0.035681213264531
551.5687,0.0573307946073696
553.4973,0.0834923318372365
555.4258,0.0867604931800751
557.3544,0.0656843004099421
559.283,0.0442016876398091
561.2115,0.0276897289826476
563.1401,0.0175082562125146
565.0687,0.0102392534423816
566.9973,0.00377731067224856
568.9258,-6.57537984912863E-4
570.8544,-0.00266466075504589
572.7829,-0.00291619241220732
574.7115,-0.00174904218234034
576.64,-1.20750839501773E-4
578.5686,1.08153129465135E-4
580.4972,6.26861010883304E-4
582.4257,0.00263648350871331
584.3543,0.00560582139013149
586.2828,0.0073872338879615
588.2114,0.00808929176937965
590.14,0.0109988096507978
592.0685,0.0156013521486278
593.9971,0.017480800030046
595.9257,0.0194942379114642
597.8542,0.0260347204092942
599.7828,0.0285999482907124
601.7114,0.0232451261721306
603.6399,0.0197017786699606
605.5685,0.0244100765513787
607.497,0.0366154290492088
609.4256,0.0423488669306269
611.3541,0.0286375494284569
613.2827,0.0133372573098751
615.2113,0.00972902519129326
617.1398,0.0130580376891233
619.0684,0.0169342955705414
620.9969,0.0224195980683714
622.9255,0.0324686159497896
624.8541,0.0350192338312078
626.7827,0.022866111712626
628.7112,0.011558974210456
630.6398,0.00707148209187415
632.5684,0.00613363997329233
634.4969,0.00480148747112234
636.4255,0.00272849735254052
638.354,0.00132614585037052
640.2826,0.00107964173178869
642.2111,0.0012803912296187
644.1397,0.00182642211103688
646.0682,0.00236681660886689
647.9968,0.00301200149028506
649.9254,0.00348066037170323
651.8539,0.00382501786953323
653.7825,0.00359611975095142
655.7111,0.00265966963236958
657.6396,0.00176395913019959
659.5682,0.00162385301161777
661.4968,0.00171730189303594
663.4254,0.00198277177445413
665.3539,0.00217472327228413
667.2825,0.00396405762391218
669.211,0.00478142006999616
671.1396,0.00259661989292465
673.0681,0.00133410933900865
674.9967,8.81846161937133E-4
676.9252,8.8782060802113E-4
678.8538,0.00125580343094962
680.7824,0.00129948025387811
682.7109,0.0012699346999621
684.6395,0.0012460665228906
686.5681,0.00131704634581908
688.4966,0.00181558979190308
690.4252,0.00248948961483159
692.3538,0.00320482343776007
694.2823,0.00452559688384406
696.2109,0.00603395770677255
698.1395,0.00694665052970104
700.068,0.00730031797578504
701.9966,0.00773454379871352
703.9251,0.00692232124479752
705.8537,0.00438206906772601
707.7822,0.00181634751381001
709.7108,3.3133433673849E-4
711.6393,-4.49227217177513E-4
713.5679,-6.29013331612634E-4
715.4965,-5.36760652247654E-4
717.425,1.24225594125551E-4
719.3536,0.00162534727349053
823.496,0.056890859299364
825.4245,0.0765932545457372
827.3531,0.113343391225102
829.2817,0.158792327904467
831.2102,0.18088556315084
833.1388,0.161544499830205
835.0673,0.121685535076579
836.9959,0.0848946217559435
838.9244,0.0582009970023167
840.853,0.0434747036816817
842.7816,0.0351283503610467
844.7101,0.0339909556074199
846.6387,0.0496709422867849
848.5673,0.0893301389661499
850.4958,0.0969338742125231
852.4244,0.0516701708918881
854.353,0.022612497571253
856.2815,0.0128816528176262
858.2101,0.00896265949699122
860.1387,0.00683750517635621
862.0672,0.00530615742272941
863.9958,0.00436001910209439
865.9243,0.0035057233484676
867.8529,0.00261967402783258
869.7814,0.00253459627420578
871.71,0.00243422895357077
873.6385,0.00227803819994397
875.5671,0.00250880987930895
877.4957,0.00293598955867393
879.4243,0.00274195823803891
881.3528,0.00258903648441212
883.2814,0.0026106051637771
885.21,0.00220072884314208
887.1385,0.00143307008951529
889.0671,0.00117352876888027
890.9956,0.00121255501525347
892.9242,9.66148694618455E-4
894.8528,6.73274373983435E-4
896.7813,6.56375620356641E-4
898.7099,7.05094299721622E-4
900.6384,5.51130546094828E-4
902.567,1.71087225459808E-4
904.4955,-3.60908315750645E-4
906.4241,-9.90746916260778E-4
908.3527,-0.00163195251677088
910.2813,-0.00200543211728098
912.2098,-0.00195564215222018
914.1384,-0.00152187775273031
916.067,-9.64297353240413E-4
917.9955,-7.04185388179613E-4
919.9241,-7.36653988689747E-4
921.8526,-5.71329023628948E-4
923.7812,-5.30205624139048E-4
925.7097,-6.77595659078248E-4
927.6383,-6.83178259588347E-4
929.5669,-5.43409860098482E-4
931.4954,-4.82878950376804E-5
933.424,8.35586504452217E-4
935.3525,0.00213663946951302
937.2811,0.00377490386900288
939.2097,0.00522120826849278
941.1382,0.00675196123355358
943.0668,0.00885474563304345
944.9954,0.0109374900325334
946.924,0.0119870844320232
948.8525,0.010906257397084
950.7811,0.00797873179657392
952.7096,0.00492285476163472
954.6382,0.00257077916112462
956.5667,9.16722126185415E-4
958.4953,-5.36347432471274E-6
960.4239,-3.32379074834816E-4
962.3524,-3.34256109774021E-4
964.281,3.33282897158511E-5
966.2095,0.00114963125477665
968.1381,0.00360390565426654
970.0667,0.00763119005375645
971.9952,0.0126272730188172
973.9238,0.0196189574183071
975.8524,0.033465091817797
977.7809,0.0603897447828578
979.7095,0.107285539182348
981.6381,0.187233123581838
983.5666,0.305682436546898
985.4952,0.426124720946388
987.4237,0.458977033911449
989.3523,0.360699918310939
991.2808,0.221261731276
993.2094,0.12128981567549
995.138,0.0663625400749795
997.0665,0.0383817130400403
998.9951,0.0243953974395302
1000.924,0.0189319661423074
1002.852,0.0191249619352227
1004.781,0.021101722072429
1006.709,0.0204625478653443
1008.638,0.0164511480025506
1010.566,0.0122359637954659
1012.495,0.00904806393267217
1014.424,0.00584292406987841
1016.352,0.00238200986279374
1018.281,0
1020.209,-7.70348536086325E-4
1022.138,-7.33592273695516E-4
1024.066,8.68459190218156E-4
1025.995,0.00486588545260896
1027.924,0.0115336417149998
1029.852,0.0196408931789134
1031.781,0.0243144894413042
1033.709,0.0217927709052179
1035.638,0.0142997771676087
1037.566,0.00727111863152241
1039.495,0.00315632489391322
1041.423,0.00198660635782689
1043.352,0.00318481262021769
1045.281,0.0067757788826085
1047.209,0.0128985203465222
1049.138,0.022290706608913
1051.066,0.0360260980728266
1052.995,0.0572276243352175
1054.923,0.0925220757991311
1056.852,0.153971892061522
1058.781,0.264150308323913
1060.709,0.452442379787826
1062.638,0.705329796050217
1064.566,0.772707967514131
1066.495,0.494250683776522
1068.423,0.254686355240435
1070.352,0.135952071502826
1072.28,0.0823500429667399
1074.209,0.0543860292291307
1076.138,0.0362916854915215
1078.066,0.0246121569554352
1079.995,0.017420843217826
1081.923,0.0133141046817396
1083.852,0.0111486709441304
1085.78,0.0107511224080441
1087.709,0.0118205686704349
1089.637,0.0133176401343486
1091.566,0.0139144863967394
1093.495,0.0137197626591302
1095.423,0.0138668441230439
1097.352,0.0154727903854347
1099.28,0.0190091918493483
1101.209,0.0246151581117392
1103.137,0.0326834595756528
1105.066,0.0443082858380436
1106.995,0.0602334421004344
1108.923,0.0809096935643481
1110.852,0.105463509826739
1112.78,0.131706581290653
1114.709,0.160159897553043
1116.637,0.197703369016957
1118.566,0.255231085279348
1120.495,0.348158801541739
1122.423,0.487771073005652
1124.352,0.655406189268043
1126.28,0.760437760731957
1128.209,0.743099576994348
1130.137,0.703162848458261
1132.066,0.713093064720652
1133.994,0.732900336184566
1135.923,0.725898452446957
1137.852,0.689234968709347
1139.78,0.609626840173261
1141.709,0.481475056435652
1143.637,0.344014427899566
1145.566,0.242853344161956
1147.494,0.18982451562587
1149.423,0.167907631888261
1151.351,0.154914403352175
1153.28,0.136158219614565
1155.209,0.110359635876956
1157.137,0.0851672073408698
1159.066,0.0665524236032606
1160.994,0.0542315950671743
1162.923,0.0467802113295651
1164.851,0.0431073227934788
1166.78,0.0418418690558696
1168.708,0.0411478605197833
1170.637,0.0391226967821741
1172.566,0.0348514730445649
1174.494,0.0292024445084785
1176.423,0.0239910407708693
1178.351,0.021095682234783
1180.28,0.0214462784971738
1182.208,0.0252635699610875
1184.137,0.0333176062234783
1186.066,0.0487839124858691
1187.994,0.0793158539497828
1189.923,0.138894670212174
1191.851,0.243230941676087
1193.78,0.383191757938478
1195.708,0.466414229402392
1197.637,0.393926745664783
1199.566,0.256288461927173
1201.494,0.152213833391087
1203.423,0.0905765496534778
1205.351,0.0567900711173915
1207.28,0.0391888173797823
1209.208,0.031508138843696
1211.137,0.0315986051060868
1213.065,0.0367995465700005
1214.994,0.0380628928323913
1216.923,0.0287552490947821
1218.851,0.0159566505586958
1220.78,0.00731397682108657
1222.708,0.00287131828500024
1224.637,7.83784547391042E-4
1226.565,-1.90253988695287E-4
1228.494,-6.55247726304476E-4
1230.422,-5.1915626239081E-4
1232.351,0
1234.28,5.95226391654078E-4
1236.208,0.00144626892825804
1238.137,0.00261397531991213
1240.065,0.00405915785651609
1241.994,0.00653417424817017
1243.922,0.0101887567847741
1245.851,0.0153266931764282
1247.78,0.0225912795680823
1249.708,0.0310608721046863
1251.637,0.0370567384963403
1253.565,0.0407658610329443
1255.494,0.0472091574245984
1257.422,0.0608490399612024
1259.351,0.0854298663528564
1261.28,0.125288822744511
1263.208,0.185920295281115
1265.137,0.276615251672769
1267.065,0.405456624209373
1268.994,0.570103480601027
1270.922,0.752699553137631
1272.851,0.898607809529285
1274.779,0.938922982065889
1276.708,0.863348538457543
1278.637,0.744406994849197
1280.565,0.631594967385801
1282.494,0.537580723777455
1284.422,0.461465796314059
1286.351,0.398342852705713
1288.279,0.338135325242317
1290.208,0.280988781633971
1292.136,0.226315854170575
1294.065,0.174374610562229
1295.994,0.129371766953883
1297.922,0.095436639490487
1299.851,0.0721172658821411
1301.779,0.0566366984187451
1303.708,0.0465095648103992
1305.636,0.0404961273470031
1307.565,0.0372266037386572
1309.494,0.0349918301303113
1311.422,0.0323330226669152
1313.351,0.0281934690585693
1315.279,0.0230872715951733
1317.208,0.0194028079868274
1319.136,0.0177171805234313
1321.065,0.0181589569150854
1322.994,0.0211133033067395
1324.922,0.0271194658433435
1326.851,0.0365070122349975
1328.779,0.0506751347716015
1330.708,0.0715124211632556
1332.636,0.10182448369986
1334.565,0.142290640091514
1336.493,0.191115312628118
1338.422,0.236867469019772
1340.351,0.256234325411426
1342.279,0.23390139794803
1344.208,0.186856054339684
1346.136,0.135508326876288
1348.065,0.0932463832679419
1349.993,0.0632145358045458
1351.922,0.0446491421961999
1353.85,0.0351861647328039
1355.779,0.031717151124458
1357.708,0.033146327516112
1359.636,0.036429200052716
1361.565,0.0367142064443701
1363.493,0.031387228980974
1365.422,0.0256969953726281
1367.35,0.0224697979092321
1369.279,0.0196389243008862
1371.208,0.0181055406925403
1373.136,0.0188860032291442
1375.065,0.0193142796207983
1376.993,0.0228126721574023
1378.922,0.0349856485490564
1380.85,0.0537714210856603
1382.779,0.0681490074773144
1384.708,0.0629465238689685
1386.636,0.0447071664055724
1388.565,0.0240750827972265
1390.493,0.0113327453338305
1392.422,0.00541740172548457
1394.35,0.00315183426208854
1396.279,6.62080653742618E-4
1398.207,-0.00122992680965341
1400.136,-0.00352826041799933
1402.065,-0.00508639199634004
1403.993,-0.00395133138756985
1405.922,-0.00362346673284077
1407.85,-0.00385446612407057
1409.779,-0.00289143146934149
1411.707,-0.0012007808605713
1413.636,6.30423794157783E-4
1415.564,0.00362458440292797
1417.493,0.00786388905765705
1419.422,0.0116281937123861
1421.35,0.0132065643211563
1423.279,0.0181001489758854
1425.207,0.0242867695846556
1427.136,0.0310800542393847
1429.064,0.0414733048481549
1430.993,0.0533284595028839
1432.922,0.0646974341576131
1434.85,0.0777055647663832
1436.779,0.0969269094211123
1438.707,0.112906190029882
1440.636,0.126157934684612
1442.564,0.139023415293382
1444.493,0.147995659948111
1446.422,0.15190810460284
1448.35,0.14667888521161
1450.279,0.132864629866339
1452.207,0.118017410475109
1454.136,0.108808355129839
1456.064,0.104346835738609
1457.993,0.0907006803933378
1459.921,0.0777549610021079
1461.85,0.072649485656837
1463.779,0.0737051703115661
1465.707,0.0801713309203363
1467.636,0.0889746755750654
1469.564,0.104034756183836
1471.493,0.128304100838565
1473.421,0.163045881447335
1475.35,0.185934926102064
1477.278,0.202657606710834
1479.207,0.206906551365563
1481.136,0.199814496020292
1483.064,0.177585676629062
1484.993,0.148300621283792
1486.921,0.116098801892562
1488.85,0.0874933465472908
1490.778,0.061200837156061
1492.707,0.0422549218107901
1494.635,0.0324070824195603
1496.564,0.0241501170742894
1498.493,0.0172878817290185
1500.421,0.0112724323377886
1502.35,0.00737312699251772
1504.278,0.00633051760128791
1506.207,0.011301662256017
1508.135,0.00944251286478718
1510.064,0.00388581751951626
1511.993,3.46421742453522E-5
1513.921,-9.40177216984476E-4
1515.85,4.50797437744621E-4
1517.778,1.14788046514793E-4
1519.707,-6.8023729875611E-4
1521.635,8.39633310014066E-4
1523.564,-0.00172391203525684
1525.493,-0.00122252738052775
1527.421,-0.00179418677175757
1529.35,-0.00301764156640187
1531.278,-0.00211311990919414
1533.207,0.00182722609534614
1535.135,0.00159796775255387
1537.064,0.00299981375709418
1538.992,0.00865461541430188
1540.921,0.0169616014188422
1542.85,0.0173104874233825
1544.778,0.0166788590805902
1546.707,0.0115620650851305
1548.635,0.0115450367423382
1550.564,0.0120324327468785
1552.492,0.0141409744040862
1554.421,0.0175781704086265
1556.349,0.0224092620658342
1558.278,0.0282362680703745
1560.207,0.0229814240749148
1562.135,0.0147905257321225
1564.064,0.0109457717366629
1565.992,0.00655679339387055
1567.921,0.00538743939841086
1569.849,0.0037531010556186
1571.778,5.73617060158873E-4
1573.707,-5.46456935300855E-4
1575.635,9.77624721906923E-4
1577.564,-3.88109273552808E-4
1579.492,-0.00191658261634507
1581.421,-0.0023013516118048
1583.349,-0.00150860848697105
1585.278,-6.11577543027301E-4
1587.207,7.74299400916452E-4
1589.135,0.00237995528682808
1591.064,0.00488126923077183
1592.992,0.00819005511668347
1594.921,0.0129522490606272
1596.849,0.0179219849465388
1598.778,0.0238012288904826
1600.706,0.0304265647763942
1602.635,0.036605088720338
1604.564,0.0403944526642817
1606.492,0.0425506885501934
1608.421,0.0425607324941371
1610.349,0.0400768683800487
1612.278,0.0360239423239925
1614.206,0.0330681382099041
1616.135,0.0308243421538479
1618.063,0.0264109780397595
1619.992,0.0226769719837033
1621.921,0.020908875927647
1623.849,0.0171923418135587
1625.778,0.0127354557575024
1627.706,0.00964242164341404
1629.635,0.00632697558735779
1631.563,0.00406707147326942
1633.492,0.00418343541721317
1635.421,0.00628821936115692
1637.349,0.00443873524706856
1639.278,0.00188309919101231
1641.206,9.84025076923943E-4
1643.135,0.00105773902086769
1645.063,0.00354673490677933
1646.992,0.00681497885072308
1648.92,0.00480327473663471
1650.849,0.00462105868057846
1652.778,0.0104427526245222
1654.706,0.00906070851043384
1656.635,0.00529902245437759
1658.563,0.00370054834028923
1660.492,0.00362667228423298
1662.42,0.00376903817014462
1664.349,0.00143689211408836
1666.277,0
1668.206,0.00142213922930675
1670.135,0.0017652504586135
1672.063,-8.57105335568646E-5
1673.992,-4.91792304250116E-4
1675.92,-7.81929296420481E-4
1677.849,-0.00188371506711373
1679.777,-7.77132059284097E-4
1681.706,6.42056170022653E-4
1683.635,0.00434076039932938
1685.563,0.00210463740715904
1687.492,2.44110636465759E-4
1689.42,-1.06228355704577E-4
1691.349,-0.00139069212639786
1693.277,-0.00128708411856819
1695.206,0.00151089711073853
1697.135,0.00237250234004525
1699.063,0.00311144334787494
1700.992,0.00309726657718163
1702.92,9.81639585011327E-4
1704.849,0.00131476181431805
1706.777,5.79575822147712E-4
1708.706,-4.59816948545567E-4
1710.634,-5.13541940715904E-4
1712.563,2.91884288590817E-4
1714.492,0.00255774151789757
1716.42,0.0046248625257272
1718.349,0.00415913575503395
1720.277,7.85874762863587E-4
1722.206,6.26399217033683E-6
1724.134,0
1726.063,-5.83711941028742E-4
1727.991,1.7728812624229E-5
1729.92,0.00135446017159549
1731.849,0.00226083553056674
1733.777,0.00434315398421972
1735.706,0.00204572334319097
1737.634,7.71010796843943E-4
1739.563,0.0014436111558152
1741.491,0.00167365660946817
1743.42,0.00214983996843943
1745.349,0.00185451032741069
1747.277,0.00269992678106366
1749.206,0.00372289414003491
1751.134,0.00321828159368789
1753.063,7.51012952659143E-4
1754.991,1.51110406312116E-4
1756.92,0.00103364076528337
1758.849,5.30817124254628E-4
1760.777,0.0010218555779076
1762.706,7.87886936878857E-4
1764.634,-4.3237360946817E-4
1766.563,3.57449749503086E-4
1768.491,0.00160348520315606
1770.42,0.00224013656212732
1772.348,0.00297263401578029
1774.277,0.00168687437475154
1776.206,6.01932733722803E-4
1778.134,1.63064187375773E-4
1780.063,7.74751546347032E-4
1781.991,0
1783.92,-2.06436901064703E-4
1785.848,-4.1118580736471E-4
1787.777,-0.00104601270842941
1789.705,7.59303852705807E-5
1791.634,0.00184507948420588
1793.563,0.00104585958314119
1795.491,1.07084676841173E-4
1797.42,-1.60880224223518E-4
1799.348,5.08060869476464E-4
1801.277,0.00124502996841177
1803.205,2.77034062111753E-4
1805.134,-6.38345538952938E-4
1807.063,-4.73393740017636E-4
1808.991,8.66113536823522E-5
1810.92,4.99431452617655E-4
1812.848,-1.18879453682358E-4
1814.777,-6.33423954747055E-4
1816.705,-3.09243261047068E-4
1818.634,-3.66339562111765E-4
1820.563,-5.16379463176457E-4
1822.491,-5.7402969476475E-5
1824.42,0.00106707612945883
1826.348,8.45557223158821E-4
1828.277,0.00130933332209413
1830.205,0.00192178541579411
1832.134,3.5976051472942E-4
1834.062,-1.81563491570599E-4
1835.991,9.16076073647097E-5
1837.92,2.42058806300018E-4
1839.848,0
1841.777,7.64651717617574E-4
1843.705,0.00229035765611767
1845.634,0.00198699547373524
1847.562,9.9066641223534E-4
1849.491,2.37535229852913E-4
1851.419,-2.15289831646991E-4
1853.348,-1.52244814029417E-4
1855.277,-2.52861964118436E-5
1857.205,2.90289742088252E-4
1859.134,4.63434559705826E-4
1861.062,6.60677498205922E-4
1862.991,6.46774315823496E-4
1864.919,0.00102980625432359
1866.848,0.00230563607194117
1868.776,0.00305986801044126
1870.705,0.00139310082805883
1872.634,1.04133645676407E-4
1874.562,-2.31855915823497E-4
1876.491,-3.17917998205924E-4
1878.419,-4.37971159705828E-4
1880.348,-5.33857642088254E-4
1882.276,-5.90747603588158E-4
1884.205,-4.26691085970584E-4
1886.134,-4.18595668353009E-4
1888.062,3.22117670147085E-4
1889.991,7.73847487764661E-4
1891.919,7.03454262647549E-5
1893.848,2.3108424388233E-4
1895.776,3.68926182382425E-4
1897.705,0
1899.634,-1.25435958743108E-4
1901.562,-1.66750089617505E-4
1903.491,-7.22150483606131E-5
1905.419,1.3837682076499E-4
1907.348,6.36612862021882E-4
1909.276,0.00104335073114748
1911.205,6.56403772404377E-4
1913.133,2.15989641529979E-4
1915.062,3.42184682786872E-4
1916.991,0.00115693172404376
1918.919,0.00104771159316937
1920.848,6.74920634426258E-4
1922.776,0.00108183250355186
1924.705,2.43884544808753E-4
1926.633,-2.33499286065645E-4
1928.562,-2.79309444808753E-4
1930.49,-1.8617297568315E-4
1932.419,-3.03736344262585E-5
1934.348,1.52163406830634E-4
1936.276,1.99619275956237E-4
1938.205,2.25379317213129E-4
1940.133,5.61619186338731E-4
1942.062,0.00148642222759562
1943.99,9.95649096721226E-4
1945.919,3.37631137978118E-4
1947.848,5.18731792350101E-5
1949.776,-1.02473551639387E-4
1951.705,-1.59350010382495E-4
1953.633,-3.02640412568923E-5
1955.562,0
1957.49,-7.97850620374389E-5
1959.419,-8.75801910676325E-5
1961.348,-7.52847200978263E-5
1963.276,-1.77004682135265E-4
1965.205,1.20146788834541E-4
1967.133,3.78965426797103E-4
1969.062,-1.66334602233091E-4
1970.99,-6.1436666427053E-4
1972.919,-7.10864993300724E-4
1974.847,-7.39912175338162E-4
1976.776,-7.31064304368356E-4
1978.705,-7.2079078339855E-4
1980.633,-7.19609555435989E-4
1982.562,-7.39317154466182E-4
1984.49,-6.43973809503621E-4
1986.419,-4.29088195533815E-4
1988.347,-2.15595857571253E-4
1990.276,1.06923613398553E-4
1992.204,4.59815351361118E-4
1994.133,-9.59559776690763E-5
1996.062,-3.21430806699277E-4
1997.99,-2.31721868736709E-4
1999.919,-1.29290997766906E-4
2001.847,-6.90752598043411E-5
2003.776,1.52996111654586E-5
2005.704,-5.72635087197341E-6
2007.633,-5.34637990217389E-6
2009.562,-6.29161089323675E-5
2011.49,-1.76244709697997E-5
2013.419,0
2015.347,2.51792921544493E-4
2017.276,5.34025822716353E-4
2019.204,3.42734744260846E-4
2021.133,1.15932145432706E-4
2023.062,9.57502466045602E-5
2024.99,9.90348681490597E-5
2026.919,1.79012569320913E-4
2028.847,2.20136790865413E-4
2030.776,2.32017492037267E-4
2032.704,3.33177213581763E-4
2034.633,4.1314141475362E-4
2036.561,3.60208836298116E-4
2038.49,3.4116433746997E-4
2040.419,3.93286138641827E-4
2042.347,3.13849560186323E-4
2044.276,8.36203613581765E-5
2046.204,-9.49077170973239E-5
2048.133,-2.03140415925467E-4
2050.061,-1.54396694380967E-4
2051.99,-1.67806893209114E-4
2053.918,-1.13770171664621E-4
2055.847,-3.70937704927605E-5
2057.776,1.25146306790933E-5
2059.704,4.91675522235862E-5
2061.633,1.2105395339544E-4
2063.561,2.9969967493994E-4
2065.49,3.91998876111793E-4
2067.418,1.17672597656293E-4
2069.347,1.41257988281462E-5
2071.276,0
2073.204,5.97909616703526E-5
2075.133,1.19765170208795E-4
2077.061,2.62922131879147E-4
2078.99,2.97053340417589E-4
2080.918,3.32930302087941E-4
2082.847,4.54429510626384E-4
2084.775,5.69616472296736E-4
2086.704,6.16613680835178E-4
2088.633,7.7246888937362E-4
2090.561,9.41216851043973E-4
2092.49,0.00109861105958241
2094.418,0.00125915402125277
2096.347,0.00144275822979121
2098.275,0.00150488119146156
2100.204,0.0013824824
2102.133,0.00111019860853844
2104.061,8.40006570208798E-4
2105.99,5.70769778747233E-4
2107.918,4.32592040417593E-4
2109.847,3.12552448956027E-4
2111.775,1.90226710626387E-4
2113.704,1.14508919164822E-4
2115.633,1.00373227703264E-4
2117.561,-6.39311062638364E-6
2119.49,-6.85141020879416E-5
2121.418,-1.10347140417589E-4
2123.347,-1.03036231879147E-4
2125.275,-3.18393702087946E-5
2127.204,2.14109383296475E-5
2129.132,0
2131.061,-7.20391249200609E-6
2132.99,1.24052750159878E-5
2134.918,6.52938721209188E-5
2136.847,5.22215596289128E-5
2138.775,5.89705567338442E-5
2140.704,9.72454442418377E-5
2142.632,2.20004541346769E-4
2144.561,3.46082028854763E-4
2146.49,4.99302716362757E-4
2148.418,5.79890413467688E-4
2150.347,5.99821600975682E-4
2152.275,5.76376298080613E-4
2154.204,5.57247385588607E-4
2156.132,5.09217182693538E-4
2158.061,5.32795070201532E-4
2159.989,4.75113367306463E-4
2161.918,4.00357054814457E-4
2163.846,3.81136551919388E-4
2165.775,3.12134939427382E-4
2167.704,2.00603426935375E-4
2169.632,1.72142924040306E-4
2171.561,1.224691115483E-4
2173.489,9.67988086532314E-5
2175.418,9.93722961612253E-5
2177.346,1.14474793266156E-4
2179.275,1.0700428077415E-4
2181.204,7.40442682821441E-5
2183.132,-1.59488246129249E-5
2185.061,-4.3099787104931E-5
2186.989,0
2188.918,1.36063973365355E-5
2190.846,-1.51280299497032E-5
2192.775,-3.81089826131678E-5
2194.704,-9.35022952766262E-5
2196.632,-1.04638812562871E-4
2198.561,-1.70304065226329E-4
2200.489,-1.42799242512574E-4
2202.418,-9.07721951760327E-5
2204.346,-9.52420224622774E-5
2206.275,-7.52245751257358E-5
2208.203,9.77039758801935E-6
2210.132,1.15114144924555E-4
2212.061,2.69476892261096E-4
2213.989,3.59525664974852E-4
2215.918,4.47135012311393E-4
2217.846,5.30137685025149E-4
2219.775,6.2361913236169E-4
2221.703,6.66341005075439E-4
2223.632,7.34250452411987E-4
2225.561,7.59799899748522E-4
2227.489,8.17448772462278E-4
2229.418,9.06455219798813E-4
2231.346,9.71193092512574E-4
2233.275,8.9740553984911E-4
2235.203,7.25720412562871E-4
2237.132,5.19908859899406E-4
2239.06,3.84244732613168E-4
2240.989,2.35941179949703E-4
2242.917,8.84484526634646E-5
2244.846,0
2246.775,1.68771093748366E-5
2248.703,1.58443817308195E-5
2250.632,7.16512911056562E-5
2252.56,1.90842463461639E-4
2254.489,2.74477772836476E-4
2256.417,2.01691945192459E-4
2258.346,4.80662545672952E-5
2260.275,-1.68817836057868E-4
2262.203,-3.83481663701885E-4
2264.132,-6.22798954327049E-4
2266.06,-8.95389581971066E-4
2267.989,-0.00110767927259623
2269.917,-0.00123247602024025
2271.846,-0.00136866395086541
2273.774,-0.00148851551850943
2275.703,-0.00158505230913459
2277.632,-0.00162942769975975
2279.56,-0.00165931612740377
2281.489,-0.00164143411802893
2283.417,-0.00168516554567295
2285.346,-0.00167718243629811
2287.274,-0.00163950126394213
2289.203,-0.0015929130345673
2291.132,-0.00147370264519246
2293.06,-0.00130585177283648
2294.989,-0.00112153856346164
2296.917,-8.53621691105656E-4
2298.846,-6.3231948173082E-4
2300.774,-3.63558309374837E-4
2302.703,0
2304.632,3.13981555611279E-4
2306.56,6.46235982888849E-4
2308.489,9.78130538500129E-4
2310.417,0.00124346596577766
2312.346,0.00142265252138894
2314.274,0.00143636094866651
2316.203,0.00153486850427779
2318.131,0.00188082593155536
2320.06,0.00234651348716664
2321.989,0.00242966304277788
2323.917,0.00215150347005549
2325.846,0.00186010402566673
2327.774,0.00182841045294433
2329.703,0.00188559800855558
2331.631,0.00138341043583318
2333.56,2.82479991444425E-4
2335.489,-4.00669452944334E-4
2337.417,-2.88371025666727E-4
2339.346,3.19228529944514E-4
2341.274,7.07023957222122E-4
2343.203,8.90512512833363E-4
2345.131,0.00104836694011097
2347.06,6.99064495722213E-4
2348.989,1.84808051333454E-4
2350.917,-1.75095213889387E-5
2352.845,-3.50730941113316E-5
2354.774,1.3121046149991E-4
2356.703,5.73030171111509E-5
2358.631,-2.62545556112409E-5
2360.56,0
2362.488,5.60283612250888E-4
2364.417,9.70579673470798E-4
2366.345,0.00121340628572169
2368.274,0.00145110434694159
2370.203,0.0016815564081615
2372.131,0.00192518002041239
2374.06,0.0021776090816323
2375.988,0.00228218669388319
2377.917,0.0022883167551031
2379.845,0.00209320936735399
2381.774,0.0016395054285739
2383.703,0.0010409594897938
2385.631,5.07482102044692E-4
2387.56,1.55991632646022E-5
2389.488,-3.34484224484485E-4
2391.417,-5.34972163264601E-4
2393.345,-6.24427551013688E-4
2395.274,-6.15362489793778E-4
2397.202,-4.42235877542891E-4
2399.131,-2.15149816322983E-4
2401.06,-1.67427551030722E-5
2402.988,1.14157857147816E-4
2404.917,2.08468918367726E-4
2406.845,2.30884530618613E-4
2408.774,1.92161591838521E-4
2410.702,1.1100420408941E-4
2412.631,4.71942653093192E-5
2414.56,-7.06167347079697E-6
2416.488,2.36938780116391E-7
2418.417,0
2420.345,-2.73110391316306E-5
2422.274,-2.77549423914553E-5
2424.202,-2.40759815230865E-5
2426.131,-3.59618847829107E-5
2428.06,2.58842119572737E-5
2429.988,4.57221728256334E-5
2431.917,-5.01187304341819E-5
2433.845,-1.74324769565822E-4
2435.774,-2.23924672825638E-4
2437.702,-2.81494711957277E-4
2439.631,-3.25759615217093E-4
2441.559,-3.47629654348733E-4
2443.488,-3.48944557608549E-4
2445.417,-3.58420460868365E-4
2447.345,-3.68343500000005E-4
2449.274,-4.1502140325982E-4
2451.202,-4.6773144239146E-4
2453.131,-4.99258345651276E-4
2455.059,-4.55437384782915E-4
2456.988,-3.95312288042731E-4
2458.917,-3.43412191302547E-4
2460.845,-2.93563230434187E-4
2462.774,-1.74576133694003E-4
2464.702,-8.37471728256422E-5
2466.631,-3.46060760854582E-5
2468.559,-2.02011152170977E-5
2470.488,3.61019815230865E-5
2472.417,8.03450782632703E-5
2474.345,6.74320391316312E-5
2476.273,0
2478.202,-1.2218684102183E-4
2480.131,-2.09857682043661E-4
2482.059,-2.71644582245882E-4
2483.988,-3.15159423267712E-4
2485.916,-3.54305323469935E-4
2487.845,-4.17617164491765E-4
2489.773,-5.09698064693987E-4
2491.702,-6.10086905715817E-4
2493.631,-6.69081746737647E-4
2495.559,-7.0208864693987E-4
2497.488,-7.09091487961699E-4
2499.416,-7.49747388163921E-4
2501.345,-7.20696229185752E-4
2503.273,-6.38009129387974E-4
2505.202,-5.34575970409804E-4
2507.131,-4.89392811431634E-4
2509.059,-4.35009711633857E-4
2510.988,-3.83518552655686E-4
2512.916,-3.63843452857908E-4
2514.845,-3.66879293879739E-4
2516.773,-3.61386194081961E-4
2518.702,-2.79706035103791E-4
2520.63,-1.81010935306013E-4
2522.559,-7.09647763278429E-5
2524.488,8.30473826503291E-5
2526.416,2.23089482448105E-4
2528.345,3.63946641426277E-4
2530.273,3.90054741224053E-4
2532.202,2.52043900202225E-4
2534.13,0
2536.059,-1.99091931866507E-4
2537.988,-4.00540863733004E-4
2539.916,-5.74353106676816E-4
2541.845,-7.02261038543312E-4
2543.773,-8.42058281487125E-4
2545.702,-9.75238213353621E-4
2547.63,-0.00109195545629743
2549.559,-0.00121672268816393
2551.488,-0.00126200802003043
2553.416,-0.00130736456297424
2555.344,-0.00135243610591804
2557.273,-0.00140456453778455
2559.202,-0.00147899596965104
2561.13,-0.00150804861259485
2563.059,-0.00148410304446134
2564.987,-0.00150872828740515
2566.916,-0.00149920091927165
2568.844,-0.00152772006221546
2570.773,-0.00151254789408196
2572.702,-0.00141708712594846
2574.63,-0.00138105586889227
2576.559,-0.00137311040075876
2578.487,-0.00128712224370258
2580.416,-0.00120667607556907
2582.344,-0.00112708051851289
2584.273,-0.00101336985037938
2586.202,-8.41869482245879E-4
2588.13,-6.18659825189691E-4
2590.059,-3.19059457056187E-4
2591.987,0
2593.916,2.38151285740706E-4
2595.844,2.83821212079783E-4
2597.773,1.66622497820489E-4
2599.701,2.84244241595655E-5
2601.63,2.41807099002718E-5
2603.559,3.70789956409747E-5
2605.487,6.17979219800541E-5
2607.416,8.07102077207574E-5
2609.344,1.12739134059837E-4
2611.273,1.4028941980054E-4
2613.201,1.4563934613962E-4
2615.13,1.48039631880323E-4
2617.059,1.32000917621032E-4
2618.987,9.09428439601059E-5
2620.916,1.05303129700815E-4
2622.844,7.72720560398884E-5
2624.773,2.28152417805974E-5
2626.701,-6.97553318803288E-5
2628.63,-1.5379644613962E-4
2630.559,-2.17438860398917E-4
2632.487,-2.38730534059837E-4
2634.416,-2.27093848319134E-4
2636.344,-1.91502321980054E-4
2638.273,-1.97222536239351E-4
2640.201,-1.68899009900272E-4
2642.13,-1.45613224159568E-4
2644.058,-9.7407397820486E-5
2645.987,-5.82541120797826E-5
2647.916,-4.04103263390796E-5
2649.844,0
2651.773,3.8693739511209E-5
2653.701,4.25587570734742E-5
2655.63,3.79630965846831E-5
2657.558,3.44255141469482E-5
2659.487,6.74090536581573E-5
2661.416,2.55681931693664E-5
2663.344,-4.56435892683685E-5
2665.273,-6.92175497571595E-5
2667.201,-1.75909032194894E-4
2669.13,-3.40737392683685E-4
2671.058,-3.9642357512142E-4
2672.987,-4.63699035610211E-4
2674.916,-5.01094896099002E-4
2676.844,-4.87841278536737E-4
2678.772,-4.90830560974472E-4
2680.701,-5.41080821463263E-4
2682.63,-6.49876271952054E-4
2684.558,-7.07826304389789E-4
2686.487,-6.7104748487858E-4
2688.415,-6.05079387316315E-4
2690.344,-4.87462967805106E-4
2692.272,-4.13848750242841E-4
2694.201,-3.74533810731632E-4
2696.13,-3.31403971220422E-4
2698.058,-2.47291953658157E-4
2699.987,-2.23188614146948E-4
2701.915,-2.01476996584683E-4
2703.844,-1.49779757073474E-4
2705.772,-8.72365395112091E-5
2707.701,0
2709.63,5.50986642065878E-5
2711.558,1.10083011013361E-4
2713.487,1.93486875219949E-4
2715.415,2.54772822026723E-4
2717.344,3.5276948623331E-4
2719.272,5.27818233040084E-4
2721.201,7.55872897246672E-4
2723.129,0.00103505564405344
2725.058,0.00143019930826003
2726.987,0.0018897129724666
2728.915,0.00257270771927338
2730.844,0.00352628138347996
2732.772,0.00454415013028674
2734.701,0.00541682379449331
2736.629,0.0060554245413001
2738.558,0.00623965920550667
2740.487,0.00584275986971326
2742.415,0.00495638561652003
2744.344,0.00390884728072662
2746.272,0.00303523302753339
2748.201,0.00245221869173998
2750.129,0.00204883143854675
2752.058,0.00171158810275334
2753.987,0.00140363876695992
2755.915,0.0011117115137667
2757.844,7.73754177973278E-4
2759.772,5.27500924780063E-4
2761.701,3.5908358898664E-4
2763.629,1.76805335793424E-4
2765.558,0
2767.486,-1.11748326529196E-4
2769.415,-2.46512547418634E-4
2771.344,-3.58871768308073E-4
2773.272,-4.55706094837269E-4
2775.201,-5.81078315726707E-4
2777.129,-7.20310642255903E-4
2779.058,-8.13729863145342E-4
2780.986,-9.27168189674537E-4
2782.915,-9.85180410563976E-4
2784.844,-0.00105121063145341
2786.772,-0.00109974995798261
2788.701,-0.00111464417887205
2790.629,-0.00112082050540124
2792.558,-0.00114710772629068
2794.486,-0.00112640505281988
2796.415,-0.00107216727370932
2798.343,-9.82229600238513E-4
2800.272,-9.02234821127952E-4
2802.2,-7.93564147657148E-4
2804.129,-6.92826368546586E-4
2806.058,-6.15311589436024E-4
2807.986,-5.11090915965221E-4
2809.915,-4.13379136854659E-4
2811.843,-3.48705463383877E-4
2813.772,-2.33849684273294E-4
2815.7,-9.66910108025103E-5
2817.629,-3.46622316919499E-5
2819.558,-5.90134525813657E-5
2821.486,-2.26507791105841E-5
2823.415,0
2825.343,-1.38996421977426E-4
2827.272,-2.39005263779436E-4
2829.2,-3.18569685756862E-4
2831.129,-3.50212527558872E-4
2833.057,-2.79195949536297E-4
2834.986,-1.55705791338307E-4
2836.915,1.26825366859622E-4
2838.843,5.18226944882257E-4
2840.772,0.00107219910308019
2842.7,0.00193599968110282
2844.629,0.00313863183930075
2846.557,0.00472571641732338
2848.486,0.00681618857552131
2850.415,0.00953551073371925
2852.343,0.0130040153117419
2854.272,0.0170971974699398
2856.2,0.0215608720479624
2858.129,0.0257555842061604
2860.057,0.028832308784183
2861.986,0.0300777509423809
2863.915,0.0293264131005789
2865.843,0.0268995776786015
2867.771,0.0236760422566241
2869.7,0.0204088744148221
2871.629,0.01759605657302
2873.557,0.0152553111510426
2875.486,0.0133257333092406
2877.414,0.0117642478872632
2879.343,0.0103934600454611
2881.271,0.00913081462348376
2883.2,0.00791696678168169
2885.129,0.00673407893987962
2887.057,0.00561406351790225
2888.986,0.00458112567610019
2890.914,0.00378672025412282
2892.843,0.00325864241232075
2894.771,0.00299199699034332
2896.7,0.00162286380249684
2898.629,-6.38081157249209E-4
2900.557,4.04929036979536E-4
2902.486,0.00208645735890238
2904.414,0.00447118755313111
2906.343,0.00774956587505395
2908.271,0.0122513160692827
2910.2,0.0182311243912055
2912.128,0.0258604945854343
2914.057,0.0349536729073571
2915.986,0.0449576012292799
2917.914,0.0550453314235087
2919.843,0.0639065697454315
2921.771,0.0697498799396602
2923.7,0.0704546182615831
2925.628,0.0652941884558118
2927.557,0.0559235467777346
2929.486,0.0454843150996575
2931.414,0.0361418252938862
2933.343,0.028946273615809
2935.271,0.0239810538100378
2937.2,0.0209806721319606
2939.128,0.0196588723261894
2941.057,0.0198544206481122
2942.986,0.021430448970035
2944.914,0.0241098591642638
2946.843,0.0278577974861866
2948.771,0.0324161176804153
2950.7,0.0372597260023382
2952.628,0.0410147061965669
2954.557,0.0424071145184897
2956.485,0.0413436847127185
2958.414,0.0382330230346413
2960.343,0.0341123913565642
2962.271,0.0301768415507929
2964.2,0.0271278898727157
2966.128,0.0252782800669445
2968.057,0.0247177283888673
2969.985,0.025355898583096
2971.914,0.0269458269050189
2973.843,0.0288675352269417
2975.771,0.0304815754211705
2977.7,0.0313338937430933
2979.628,0.0309914639373221
2981.557,0.0292976022592449
2983.485,0.0265563324534736
2985.414,0.0233135407753965
2987.343,0.0200032290973193
2989.271,0.016813899291548
2991.199,0.0138978194857768
2993.128,0.0112715778076996
2995.057,0.00894758612962244
2996.985,0.00690605632385117
2998.914,0.00528783464577402
3000.842,0.00388741484000274
3002.771,0.00269564316192559
3004.699,0.00167384335615432
3006.628,7.4081167807716E-4
3008.557,0
3010.485,-2.83246700734036E-4
3012.414,-5.98154110337718E-4
3014.342,-9.11610811071757E-4
3016.271,-0.00112955822067544
3018.199,-0.00125007492140948
3020.128,-0.00132156233101316
3022.057,-0.00130984974061684
3023.985,-0.00130140644135088
3025.914,-0.00125105385095456
3027.842,-0.00115933055168859
3029.771,-9.19567961292277E-4
3031.699,-7.20839662026313E-4
3033.628,-5.84310071629997E-4
3035.556,-4.25516772364033E-4
3037.485,-1.53573181967712E-4
3039.414,3.77368408428534E-4
3041.342,0.00102433970769457
3043.271,0.00168171229809081
3045.199,0.00246806559735685
3047.128,0.0034687881877531
3049.056,0.00473612148701913
3050.985,0.00609011407741538
3052.914,0.00756238666781169
3054.842,0.00906238996707765
3056.771,0.010118422557474
3058.699,0.0103383858567399
3060.628,0.00983388844713626
3062.556,0.00888975174640229
3064.485,0.00778382433679861
3066.414,0.00654856692719486
3068.342,0.00534147954412742
3070.271,0.00425101286536863
3072.199,0.00347503558198503
3074.128,0.00298459290322624
3076.056,0.00273020161984264
3077.985,0.00256332294108385
3079.913,0.00241809765770025
3081.842,0.00223537897894146
3083.771,0.00210762430018268
3085.699,0.00204875101679907
3087.628,0.00197423533804029
3089.556,0.00187632605465669
3091.485,0.0018018593758979
3093.413,0.0017239300925143
3095.342,0.00173193141375551
3097.271,0.00164455673499672
3099.199,0.00157536445161312
3101.128,0.00149446777285433
3103.056,0.00129814948947073
3104.985,0.00115849781071194
3106.913,0.00112526652732834
3108.842,0.00101791384856956
3110.771,8.24515169810768E-4
3112.699,6.06872886427167E-4
3114.627,4.74720603043565E-4
3116.556,4.18546924284778E-4
3118.485,3.1656524552599E-4
3120.413,2.01556962142389E-4
3122.342,1.41114283383601E-4
3124.27,0
3126.199,-1.35248365110702E-4
3128.127,-2.51547771504399E-4
3130.056,-2.78407136615101E-4
3131.985,-2.40336601725814E-4
3133.913,-3.37724508119501E-4
3135.842,-4.57244573230213E-4
3137.77,-4.643548796239E-4
3139.699,-4.73725144734613E-4
3141.627,-4.802921511283E-4
3143.556,-4.74358216239012E-4
3145.485,-4.82649381349714E-4
3147.413,-4.42039987743401E-4
3149.342,-3.65785752854113E-4
3151.27,-2.898177592478E-4
3153.199,-2.84113124358502E-4
3155.127,-3.089720307522E-4
3157.056,-2.68969195862902E-4
3158.984,-2.31675502256599E-4
3160.913,-1.75953667367301E-4
3162.842,-1.56312032478003E-4
3164.77,-1.332435388717E-4
3166.699,-6.93320039824023E-5
3168.627,-2.32503103760997E-5
3170.556,-8.48167548680182E-6
3172.484,-2.55959818804992E-5
3174.413,-6.37940469912011E-5
3176.342,-1.5369712101903E-5
3178.27,6.03133815043994E-5
3180.199,1.44681163936977E-5
3182.127,0
3184.056,7.17382017989192E-5
3185.984,3.03880986772551E-5
3187.913,-3.47888095238257E-5
3189.842,1.14260422750934E-5
3191.77,5.89845291534294E-5
3193.698,1.89810160317653E-5
3195.627,6.19479878306845E-5
3197.556,1.14721599629604E-4
3199.484,3.62680165079396E-5
3201.413,-3.38318916931413E-5
3203.341,-3.71111048148053E-5
3205.27,-5.05697130158861E-5
3207.198,-1.0151222613755E-4
3209.127,-6.3984034338631E-5
3211.056,-3.92994425397119E-5
3212.984,-4.22691556613759E-5
3214.913,-7.01090638624568E-5
3216.841,-1.04541776984121E-4
3218.77,2.47208148147983E-5
3220.698,2.38072016931342E-5
3222.627,-4.03912065079466E-5
3224.556,-5.08423147090275E-5
3226.484,4.07650721693085E-5
3228.413,4.87085639682278E-5
3230.341,-1.07542491534293E-5
3232.27,5.06218426454827E-5
3234.198,3.77457295238256E-5
3236.127,2.16562132274493E-6
3238.055,-7.02879179891914E-6
3239.984,0
3241.913,1.41085143992943E-5
3243.841,1.17289372492525E-4
3245.77,1.99716686891819E-4
3247.698,1.41309444985049E-4
3249.627,4.36199593843435E-5
3251.555,3.06739174775732E-5
3253.484,1.49338031876868E-4
3255.413,1.81843346276163E-4
3257.341,1.45603804369393E-4
3259.27,1.12412518768688E-4
3261.198,4.07589768619176E-5
3263.127,2.53020912612126E-5
3265.055,9.64595493544423E-5
3266.984,1.16754663753737E-4
3268.913,1.21140478153032E-4
3270.841,1.13385636246262E-4
3272.77,1.92926050645557E-4
3274.698,1.84177108738787E-4
3276.627,8.82409231380817E-5
3278.555,9.02418123131116E-6
3280.484,2.53799956306062E-5
3282.412,5.25480537238361E-5
3284.341,1.84752681231309E-5
3286.27,-1.70721747757402E-6
3288.198,2.68807406156556E-5
3290.127,7.32963550149506E-5
3292.055,1.2384881310818E-4
3293.984,-2.53004724925246E-5
3295.912,-6.52180143992951E-5
3297.841,0
3299.77,-3.58003594845909E-5
3301.698,-5.78496893893567E-5
3303.627,7.71435112605242E-6
3305.555,-2.12456787787135E-5
3307.484,5.07673617366958E-5
3309.412,1.2460243183193E-4
3311.341,8.05625723473392E-5
3313.27,-1.30249871372519E-5
3315.198,-1.49057017042018E-4
3317.126,-1.89661046946781E-4
3319.055,-1.85055606431372E-4
3320.984,-1.73611165915963E-4
3322.912,-8.70641958207283E-5
3324.841,-2.67407553053191E-5
3326.769,-1.52677852100849E-5
3328.698,-5.97743446946759E-5
3330.626,-1.08376374599442E-4
3332.555,-1.25610934084033E-4
3334.484,-3.2484493568626E-5
3336.412,3.55334765266108E-5
3338.341,-5.68210829579826E-5
3340.269,-1.14336112862746E-4
3342.198,-7.10426723473392E-5
3344.126,-4.51317022521023E-5
3346.055,-4.0229261736696E-5
3347.984,-2.68018212212866E-5
3349.912,3.17314887394765E-6
3351.841,-8.23504106106435E-5
3353.769,-3.42414405154091E-5
3355.698,0
3357.626,-8.62025268679677E-5
3359.555,-3.53387122042279E-5
3361.483,4.52647609278042E-5
3363.412,-8.03742440845566E-6
3365.341,2.20833902552845E-5
3367.269,3.88228633873167E-5
3369.198,-3.58833219489432E-5
3371.126,-1.46478848816911E-4
3373.055,-1.39716034153171E-4
3374.983,-1.73708561021139E-4
3376.912,-2.67588746357399E-4
3378.841,-2.43360931693659E-4
3380.769,-2.62981458561627E-4
3382.698,-1.99033643897886E-4
3384.626,-5.44931707658545E-5
3386.555,-1.60250356102114E-4
3388.483,-2.43729882970082E-4
3390.412,-9.65640683063421E-5
3392.34,1.8086340482569E-4
3394.269,7.26722194894303E-5
3396.198,6.00430341531704E-5
3398.126,8.50075072852034E-5
3400.055,1.40713219489424E-5
3401.983,-3.81942049190243E-5
3403.912,-1.00950390255284E-4
3405.84,-8.69579171232523E-5
3407.769,-8.32011024595122E-5
3409.698,-1.42845287795772E-4
3411.626,-6.343681466374E-5
3413.555,0
3415.483,-7.12851324668141E-5
3417.412,-4.06508915583516E-5
3419.34,2.38122975974834E-4
3421.269,3.39372216883297E-4
3423.198,1.72468457791759E-4
3425.126,-6.54386746750551E-5
3427.054,-1.1884580714187E-4
3428.983,1.86494337665933E-5
3430.912,1.45447674675056E-4
3432.84,7.62245422082416E-5
3434.769,-1.73521688329572E-6
3436.697,-3.784434935011E-5
3438.626,2.26689155835244E-6
3440.554,7.9767759091538E-5
3442.483,1.77832000000001E-4
3444.412,2.62831240908462E-4
3446.34,7.64635408441649E-4
3448.269,6.13196249350111E-4
3450.197,-2.02677831167028E-5
3452.126,-2.44399542208241E-4
3454.054,-1.33802674675054E-4
3455.983,1.15605662334068E-5
3457.912,7.31728071418699E-5
3459.84,1.19595674675055E-4
3461.769,1.78279915583518E-4
3463.697,1.42060783116704E-4
3465.626,1.05617024025166E-4
3467.554,3.67778915583519E-5
3469.483,-2.72258675331856E-5
3471.411,0
3473.34,1.19265113265463E-4
3475.269,1.74954226530926E-4
3477.197,7.46216876090908E-7
3479.126,1.19634330141554E-4
3481.054,4.04805820486708E-4
3482.983,2.22399433752181E-4
3484.911,3.34174240973349E-5
3486.84,1.63231437362798E-4
3488.769,8.68565062826115E-6
3490.697,-3.13733359026574E-4
3492.626,-3.02712245761111E-4
3494.554,-7.09062554159468E-5
3496.483,-3.78890421504836E-5
3498.411,-1.89179151805319E-4
3500.34,2.12701961460144E-4
3502.269,8.44606554725607E-4
3504.197,5.15257165070772E-4
3506.125,-2.19409644584064E-4
3508.054,1.22757668681399E-4
3509.983,3.04913881946862E-4
3511.911,-2.99231527707973E-4
3513.84,-6.51770614442511E-4
3515.768,-6.73813624097346E-4
3517.697,-5.58865010831883E-4
3519.625,-5.29813520486718E-4
3521.554,-9.27950722125513E-6
3523.483,6.83327506044208E-4
3525.411,5.93283996389373E-4
3527.34,4.99673009654836E-4
3529.268,0
3531.197,-7.57174415325724E-4
3533.125,-0.00117259725682285
3535.054,-8.00563972148578E-4
3536.983,-8.85801687474301E-4
3538.911,-0.00153455772897143
3540.84,-0.00173923934429716
3542.768,-0.00109095348579429
3544.697,2.3996959887999E-4
3546.625,2.97336057382859E-4
3548.554,-0.00113311465794286
3550.482,-0.00151776996944
3552.411,-0.00117971211476572
3554.34,-0.00188736403009141
3556.268,-0.00267954217158857
3558.197,-0.00258074488691426
3560.125,-0.00213511740841143
3562.054,-0.00202316014373712
3563.982,-9.58268685234316E-4
3565.911,0.00179437079944
3567.84,0.00159324228411431
3569.768,-0.00173380625738286
3571.697,-0.00355834567270858
3573.625,-0.00378077771420571
3575.554,-0.00373232692953144
3577.482,-0.00383307437102857
3579.411,-0.00389445958635429
3581.34,-0.00412339780168001
3583.268,-0.00399240064317715
3585.197,-0.00225850545850287
3587.125,0
3589.054,-0.00171354903264946
3590.982,-0.00374156415149247
3592.911,-0.00307746858414193
3594.839,-0.00198209890298495
3596.768,-0.00229038993563441
3598.697,-0.00268519636828387
3600.625,-0.00267005298712688
3602.554,-0.00320337716977634
3604.482,-0.00319208452861936
3606.411,-0.00160043487126881
3608.339,-6.2977229011183E-4
3610.268,-0.00116666932276129
3612.197,-2.93728355410746E-4
3614.125,5.21592257462372E-5
3616.054,-4.84767806903221E-4
3617.982,6.03058774253763E-4
3619.911,5.61179741604304E-4
3621.839,-0.00119324087723871
3623.768,-0.00185390210988817
3625.697,-9.76167842537654E-4
3627.625,0.00217443383861936
3629.553,0.00316561641977634
3631.482,4.53063871268815E-5
3633.411,-7.24021645522603E-4
3635.339,-0.00127014176436559
3637.268,-0.00153821429701508
3639.196,-0.00156208371585807
3641.125,-0.00132788604850755
3643.053,-0.00109745176735054
3644.982,0
3646.911,0.00346161828358366
3648.839,0.00600071281274349
3650.768,0.00432827809632715
3652.696,3.96097625486981E-4
3654.625,-1.60301190929355E-4
3656.553,5.83695438230469E-4
3658.482,-5.75689578185867E-4
3660.411,-0.00144173819460221
3662.339,-0.00172737246544238
3664.268,-0.00175217518185872
3666.196,-0.00140095855269889
3668.125,8.64420630884768E-4
3670.053,0.0029492821600446
3671.982,0.00137742444362826
3673.91,0.00266439697278808
3675.839,0.00486877025637174
3677.768,0.00209229053995541
3679.696,1.25283569115232E-4
3681.625,-0.0010299995473011
3683.553,-0.00103279351814128
3685.482,-4.94325604557616E-4
3687.41,0.00138540169460221
3689.339,0.00319604797818587
3691.268,0.00196311526176954
3693.196,-9.876490907064E-5
3695.125,-7.14915225486976E-4
3697.053,-7.70218396327152E-4
3698.982,-7.57284712743488E-4
3700.91,1.61408716416336E-4
3702.839,0
3704.768,-8.56422390918991E-4
3706.696,-7.40844879717234E-4
3708.625,7.84351229363776E-4
3710.553,0.00316112454056553
3712.482,0.00288171214964654
3714.41,5.764609608483E-4
3716.339,-5.34106530070691E-4
3718.267,6.44533811310663E-5
3720.196,8.82749990212076E-4
3722.125,0.00171410059929309
3724.053,0.00180994291049484
3725.982,0.00198549951957585
3727.91,8.48126830777609E-4
3729.839,2.93689639858618E-4
3731.767,0.00204471375106037
3733.696,0.00521044036014138
3735.625,0.0066583889692224
3737.553,0.00346787928042415
3739.482,0.00129385888950516
3741.41,9.16499200706915E-4
3743.339,0.00328877080978793
3745.267,0.00462543112098968
3747.196,0.00246101673007069
3749.125,0.0029009813391517
3751.053,0.00444497365035346
3752.981,0.00314083296155521
3754.91,0.00103480057063623
3756.839,6.68086179717234E-4
3758.767,9.00257490918994E-4
3760.696,0
3762.624,-0.00104359161586324
3764.553,-3.27816244909E-4
3766.481,-2.95407860772237E-4
3768.41,-5.37508898179997E-5
3770.339,2.96632381136258E-4
3772.267,-0.001240243734727
3774.196,-0.00210788586377274
3776.124,-0.002006325479636
3778.053,-7.14092708681742E-4
3779.981,-3.42714024544999E-4
3781.91,-0.00156221535359074
3783.839,-0.0014285463826365
3785.767,-0.00131867074849974
3787.696,-0.00171550262754549
3789.624,-0.00195101274340874
3791.553,-0.00219932517245449
3793.481,-0.00226940328831774
3795.41,-0.00116225431736349
3797.338,-5.77803633226742E-4
3799.267,-4.71564562272495E-4
3801.196,0.00166086820868175
3803.124,8.12621192818506E-4
3805.053,-2.49103036227247E-4
3806.981,2.34615947909506E-4
3808.91,-0.00121373858113625
3810.838,-0.00241062909699949
3812.767,-0.00256348612604525
3814.696,-8.99718755091E-4
3816.624,2.12643229045753E-4
3818.553,0
3820.481,0.00213195035829336
3822.41,0.00110809860266466
3824.338,-8.20316039041986E-4
3826.267,-8.2914679467068E-4
3828.196,-0.00133975325029937
3830.124,-0.00121185869200602
3832.052,-6.43384833712671E-4
3833.981,-4.44988589341364E-4
3835.91,6.31852655029943E-4
3837.838,0.00239867601332329
3839.767,0.0026246332576946
3841.695,0.00107785061598795
3843.624,-2.21033139640742E-4
3845.552,-0.00145181558134739
3847.481,-0.00165712621697608
3849.41,-9.08187492604783E-4
3851.338,0.00120283506568857
3853.267,0.00454862831005988
3855.195,0.00297034866835323
3857.124,7.57043912724532E-4
3859.052,-7.43475428982112E-4
3860.981,-1.7988248461081E-4
3862.91,0.0012206637597605
3864.838,0.00150941311805385
3866.767,2.10583362425154E-4
3868.695,0.00167429672071851
3870.624,0.00261489896508981
3872.552,0.00163282632338316
3874.481,0.00117187656775447
3876.409,-5.75372273952179E-4
3878.338,1.39976170419128E-4
3880.267,0.00212982241479043
3882.195,0.00111189177308379
3884.124,0.00101462501745509
3886.052,0.00137607137574844
3887.981,-3.20187179880251E-4
3889.909,3.51858978413101E-4
3891.838,0.00138709122278441
3893.767,6.78904671557136E-5
3895.695,-7.53755974550935E-4
3897.624,5.91634069820371E-4
3899.552,0.00255362942811372
3901.481,0.00316259567248503
3903.409,0.00339547203077838
3905.338,0.00205864527514969
3907.267,-9.3469780479007E-5
3909.195,-0.00105120480218565
3911.124,-0.00114180857781434
3913.052,-0.00122640101952099
3914.981,-2.57700975149686E-4
3916.909,9.48300083143665E-4
3918.838,7.13938327514971E-4
3920.766,8.54261858083224E-5
3922.695,2.20808930179629E-4
3924.624,8.19098174550936E-4
3926.552,-9.31736671557135E-5
3928.481,-2.69109122784407E-4
3930.409,6.47881135508945E-4
3932.338,0.00113599537988025
3934.266,8.32593817360217E-6
3936.195,-7.26037307455092E-4
3938.124,-6.89531491083785E-4
3940.052,-2.48860314790434E-4
3941.981,8.71034829580873E-4
3943.909,6.29591187874224E-4
3945.838,9.67292322455306E-5
3947.766,7.16507790538882E-4
3949.695,5.83164034910188E-4
3951.623,-1.73108406796461E-4
3953.552,-5.48816612425154E-4
3955.48,-4.12811124131803E-4
3957.409,-3.11404359760497E-4
3959.338,-1.89427315389195E-4
3961.266,-1.09286657095839E-4
3963.195,-4.72368062724537E-4
3965.123,-7.68748854431181E-4
3967.052,-6.7441401005988E-4
3968.98,-4.98900251766524E-4
3970.909,-3.73550347395222E-4
3972.838,-3.15011865133916E-4
3974.766,-2.50582614730564E-4
3976.695,-4.27732660359258E-4
3978.623,-6.10994202065907E-4
3980.552,-5.706933576946E-4
3982.48,-4.72291199401244E-4
3984.409,-3.92941155029942E-4
3986.337,-4.01857796736586E-4
3988.266,-3.9374055236528E-4
3990.195,-2.84314607993978E-4
3992.123,-4.35923649700622E-4
3994.052,-4.18566305329316E-4
3995.98,-4.02941547035964E-4
3997.909,-3.98396702664658E-4
3999.837,-3.62874244371307E-4
4001.766,0
