399.2123,0.0179610534158298
401.1409,0.00776199163841063
403.0695,0.00198973940158824
404.998,-9.75641100271969E-4
406.9266,0
408.8552,0.00363934428629213
410.7837,0.00487222939373174
412.7123,0.00275843707231549
414.6408,3.1421524380063E-4
416.5694,0.00569647762381616
418.498,0.0119698326799518
420.4265,0.00961932273829717
422.3551,0.00947589223135533
424.2837,0.0154294213542172
426.2122,0.0276454333154018
428.1408,0.0384013436391468
430.0693,0.0371793687226029
431.9979,0.0286255847569474
433.9265,0.0191087572258186
435.855,0.0115436001172698
437.7836,0.0061013187165652
439.7121,0.00217524058886605
441.6407,0.00104506388084402
443.5693,2.21381172087186E-4
445.4978,-0.00163052130599654
447.4264,-0.00224536755140036
449.3549,-0.00246847027165061
451.2835,-0.001911804505954
453.2121,-0.00222132228788962
455.1406,-0.00210191846427406
457.0692,5.68976173691636E-4
458.9978,1.33665286026546E-4
460.9263,-0.00108280345280117
462.8549,-2.96290214591242E-4
464.7834,-9.49782277985829E-5
466.712,6.96782564731224E-5
468.6406,-2.23075074971355E-4
470.5691,0
472.4977,-1.45026573672151E-4
474.4263,-0.00310666572046002
476.3548,-0.00524727991132478
478.2834,-0.00563841922338774
480.2119,-0.00532710473563074
482.1405,-0.0049401062575971
484.0691,-0.00445042053988579
485.9976,-0.00455342723607748
487.9262,-0.00393969256361413
489.8548,-6.05973291478851E-4
491.7833,0.00103540622005235
493.7119,-0.00141623705065983
495.6404,-0.00392727642342559
497.569,-0.00438156680684501
499.4976,-0.00426707356707065
501.4261,-0.00259645097650027
503.3547,-0.00114358544866658
505.2832,0.0012490168231459
507.2118,0.00711887884469712
509.1404,0.0191093547864807
511.0689,0.0396617270109151
512.9975,0.0530859225869679
514.9261,0.0426627458691913
516.8546,0.0240569143229138
518.7832,0.0114868476816942
520.7117,0.00473098449191681
522.6403,0.0020800162842337
524.5688,0.00219059919056728
526.4974,0.00342819298552204
528.426,0.00634080317842411
530.3546,0.0087217699984527
532.2831,0.00636303685386923
534.2117,0.00203005370115095
536.1403,-2.38297063766262E-4
538.0688,-9.94181708195487E-4
539.9974,-7.26571466842015E-4
541.9259,4.12238663435849E-4
543.8545,0.0030360837697715
545.783,0.00857572502884999
547.7116,0.0208694140426186
549.6402,0.0500615687964061
551.5687,0.0928149336622899
553.4973,0.100880581296892
555.4258,0.0646001657111993
557.3544,0.0335654279615308
559.283,0.0227177701454079
561.2115,0.0231600108811289
563.1401,0.0233886433597192
565.0687,0.0174191119576231
566.9973,0.011701789187028
568.9258,0.0141185739319339
570.8544,0.0292594056383885
572.7829,0.0483455309422646
574.7115,0.0451410626712043
576.64,0.0313017180771966
578.5686,0.0287888562796395
580.4972,0.0316164821970129
582.4257,0.0317346880276646
584.3543,0.0358296610972166
586.2828,0.0480231755892102
588.2114,0.0576483182984959
590.14,0.0528476408656484
592.0685,0.0387335020346363
593.9971,0.0250641282230709
595.9257,0.0138809477825762
597.8542,0.00636374212079019
599.7828,0.0024232604004943
601.7114,6.13529286135201E-5
603.6399,-0.00144275186391639
605.5685,-0.0022296870591369
607.497,-0.00241683031092413
609.4256,-0.00207332261581839
611.3541,-0.00115138096591524
613.2827,5.35049721763277E-4
615.2113,0.00196122970702993
617.1398,0.0014658613771046
619.0684,-8.92844033371259E-4
620.9969,-0.00248308066965201
622.9255,-0.00118037415205585
624.8541,0.00431664612929687
626.7827,0.00959661333981595
628.7112,0.013599717984752
630.6398,0.0155117857579539
632.5684,0.00729654720105783
634.4969,2.35682097695065E-4
636.4255,-0.00127230701923985
638.354,-2.69644472431123E-4
640.2826,0.00221403647863357
642.2111,0.0038847184820494
644.1397,0.00434481024565028
646.0682,0.00475418262971
647.9968,0.00436729944124701
649.9254,0.00349560964269758
651.8539,0.00268731138739546
653.7825,0.00162892088562124
655.7111,0
657.6396,-0.00124453451988564
659.5682,-0.0014140469564328
661.4968,-4.4051153057826E-4
663.4254,0.00201152110342991
665.3539,0.00528942076107568
667.2825,0.00889941731108161
669.211,0.00754959104493191
671.1396,0.00420318311530965
673.0681,0.00614293165767484
674.9967,0.0151001157620028
676.9252,0.0247844058688746
678.8538,0.02111340915262
680.7824,0.00919507997023975
682.7109,0.00172323536398555
684.6395,-0.00112750553547902
686.5681,-0.0021196622364743
688.4966,-0.00231607617961786
690.4252,-0.0022611436453233
692.3538,-0.00221919410352071
694.2823,-0.00167631667001785
696.2109,-0.00143636415641342
698.1395,-0.00151863874937471
700.068,-0.00174614541892493
701.9966,-0.00204436346357128
703.9251,-0.00215321886782286
705.8537,-0.00203392305168296
707.7822,-0.00191343155332942
709.7108,-0.00151875779728635
711.6393,-9.29761220160975E-4
713.5679,0
715.4965,7.50865199354659E-4
717.425,0.00159903017336566
719.3536,0.00335781960018708
823.496,0.0234595890566189
825.4245,0.0154671941115329
827.3531,0.0113704237988794
829.2817,0.00993271459670318
831.2102,0.0110528697298896
833.1388,0.0162257453311675
835.0673,0.0318618558546352
836.9959,0.0581079109252353
838.9244,0.077785740722758
840.853,0.0770271097740428
842.7816,0.0677089407032726
844.7101,0.0760865439911756
846.6387,0.100016295450509
848.5673,0.100248892787981
850.4958,0.0955502592550026
852.4244,0.114214207619947
854.353,0.128390859332901
856.2815,0.100248559750697
858.2101,0.0639389756763384
860.1387,0.0511200381073704
862.0672,0.0461864267439841
863.9958,0.0362202295406701
865.9243,0.0234774201341253
867.8529,0.014189299002018
869.7814,0.00907035289371244
871.71,0.00648403462732103
873.6385,0.00483390874279933
875.5671,0.00425880898554047
877.4957,0.00376470022579085
879.4243,0.0026617200769131
881.3528,0.00158968977607367
883.2814,0.00131728043009608
885.21,8.72262261540309E-4
887.1385,2.71603885162218E-4
889.0671,2.89556836836754E-5
890.9956,1.18121018436606E-4
892.9242,-3.68939473918504E-5
894.8528,-2.67753299034499E-4
896.7813,-1.29299866310991E-4
898.7099,3.70354398294392E-4
900.6384,7.18539499138782E-4
902.567,0.00113022562636686
904.4955,0.00209148111583171
906.4241,0.00395696202607665
908.3527,0.00686529247996658
910.2813,0.0120383478204657
912.2098,0.0212808996724262
914.1384,0.0378276866078115
916.067,0.0631668931833761
917.9955,0.0890904602178302
919.9241,0.107071658177556
921.8526,0.117933502649039
923.7812,0.120275325881201
925.7097,0.119718691598966
927.6383,0.117584065745126
929.5669,0.107083606968407
931.4954,0.0839307375635566
933.424,0.0524340117996305
935.3525,0.0284944764956802
937.2811,0.0161558351434589
939.2097,0.0100738977217964
941.1382,0.00706432198884876
943.0668,0.00530522290915134
944.9954,0.00365562899747237
946.924,0.00196881374840181
948.8525,5.26921941210965E-4
950.7811,-7.92512321783363E-4
952.7096,-0.00199780791819533
954.6382,-0.00311272982712504
956.5667,-0.00390257860980761
958.4953,-0.0043015300131716
960.4239,-0.00429426850023652
962.3524,-0.00415019688338403
964.281,-0.00353054000372489
966.2095,-0.00202723687262562
968.1381,5.29738876299712E-4
970.0667,0.00293915829580795
971.9952,0.00543620141351989
973.9238,0.00996894865342593
975.8524,0.0184416808349559
977.7809,0.0343756010494466
979.7095,0.0620585514678436
981.6381,0.0973301065878679
983.5666,0.128692549158813
985.4952,0.167505110336762
987.4237,0.222886077720917
989.3523,0.228357089220393
991.2808,0.149642843253168
993.2094,0.0743353667020103
995.138,0.0396413902737341
997.0665,0.0310127620509939
998.9951,0.0386176780397286
1000.924,0.0620538849621783
1002.852,0.0954689325495223
1004.781,0.113222566533283
1006.709,0.100941094302627
1008.638,0.0785679068368091
1010.566,0.0719291790815781
1012.495,0.0897027895556722
1014.424,0.105065954842646
1016.352,0.0917435223732315
1018.281,0.0602729700299693
1020.209,0.0315243017826888
1022.138,0.0156562290989088
1024.066,0.00988103788164527
1025.995,0.00955180412924659
1027.924,0.0122711728026802
1029.852,0.0163107839930176
1031.781,0.0181048658062969
1033.709,0.0156040620523257
1035.638,0.0100566813233819
1037.566,0.0044535843782323
1039.495,2.99624920655828E-4
1041.423,-0.00221683436339834
1043.352,-0.00370006709672276
1045.281,-0.00430275003815536
1047.209,-0.00437062457931722
1049.138,-0.00404193511032154
1051.066,-0.00326596435090662
1052.995,-0.00150256527655629
1054.923,0.00138172849039559
1056.852,0.00582324280841582
1058.781,0.0124256487085719
1060.709,0.0231659688226648
1062.638,0.0424430773742708
1064.566,0.0755938588307651
1066.495,0.118949461935051
1068.423,0.161468994721733
1070.352,0.211529723669184
1072.28,0.261714509427555
1074.209,0.237982448806075
1076.138,0.145556578955148
1078.066,0.0749891327622189
1079.995,0.0413208077262433
1081.923,0.0257447291447339
1083.852,0.0178080453817738
1085.78,0.0138591337675553
1087.709,0.0125312149698854
1089.637,0.013028572071061
1091.566,0.0151066084229025
1093.495,0.0190494325822577
1095.423,0.0262411763379426
1097.352,0.0404331881919885
1099.28,0.0668828221578541
1101.209,0.0992171078420429
1103.137,0.117447957876165
1105.066,0.125506016560691
1106.995,0.124096301161582
1108.923,0.109177423634028
1110.852,0.1007788839306
1112.78,0.107853805462136
1114.709,0.126903166405579
1116.637,0.155005658157641
1118.566,0.193247719861596
1120.495,0.249465748788516
1122.423,0.333828720132411
1124.352,0.437053289891992
1126.28,0.534398400077858
1128.209,0.637164615488195
1130.137,0.765503552159907
1132.066,0.855334236071545
1133.994,0.773679884452937
1135.923,0.570150131719682
1137.852,0.388885283587539
1139.78,0.278801719484223
1141.709,0.23051600784366
1143.637,0.223334577703434
1145.566,0.234358756937866
1147.494,0.238306441492718
1149.423,0.211993025601738
1151.351,0.173285046624855
1153.28,0.156389564147579
1155.209,0.138354244149605
1157.137,0.108574117176212
1159.066,0.0945475515163516
1160.994,0.0970604907341526
1162.923,0.0991226462247039
1164.851,0.0888375610438393
1166.78,0.0722397762970379
1168.708,0.0615178265709678
1170.637,0.0614184301216627
1172.566,0.0710183962323469
1174.494,0.0895876903015656
1176.423,0.1166455287638
1178.351,0.149233298448393
1180.28,0.180853258644363
1182.208,0.209507866387818
1184.137,0.23495326049376
1186.066,0.259885529889206
1187.994,0.301316678606924
1189.923,0.372594521279419
1191.851,0.460409975477867
1193.78,0.547235414965321
1195.708,0.602873091981546
1197.637,0.544061960709021
1199.566,0.379349529836284
1201.494,0.228920441733598
1203.423,0.134358004800244
1205.351,0.0804789256264054
1207.28,0.0490834936983486
1209.208,0.0304744961398985
1211.137,0.0193648152897013
1213.065,0.0123208128398066
1214.994,0.00757804215477494
1216.923,0.00469557731006697
1218.851,0.00330508037689514
1220.78,0.00208765822777737
1222.708,8.45097823600677E-4
1224.637,-2.13983437114429E-4
1226.565,-5.25264511419512E-4
1228.494,-1.12691926806831E-4
1230.422,0.00149201561520567
1232.351,0.00428173702933803
1234.28,0.00871034910093486
1236.208,0.0150686078282181
1238.137,0.0231395069042744
1240.065,0.0326075808242788
1241.994,0.0472359702295139
1243.922,0.0753653200584169
1245.851,0.132102543841914
1247.78,0.234303660538874
1249.708,0.339312790447899
1251.637,0.305004616814644
1253.565,0.182640894170544
1255.494,0.113191421019875
1257.422,0.101722532597514
1259.351,0.121860861234335
1261.28,0.167560438219536
1263.208,0.244607761492
1265.137,0.349342564407005
1267.065,0.454064503263513
1268.994,0.519828576311852
1270.922,0.542141545992459
1272.851,0.55582662751382
1274.779,0.591072921748935
1276.708,0.641478777722477
1278.637,0.669870489583038
1280.565,0.620704360826893
1282.494,0.498933745615563
1284.422,0.377894882731529
1286.351,0.306471935676573
1288.279,0.258420386188941
1290.208,0.199361713091477
1292.136,0.140687456018084
1294.065,0.0991196068847146
1295.994,0.0726569162739726
1297.922,0.0535584850521783
1299.851,0.0393825819234238
1301.779,0.0297817014288526
1303.708,0.0233245182045944
1305.636,0.0190389550368073
1307.565,0.0167077443785426
1309.494,0.0161006220082506
1311.422,0.0169624849725054
1313.351,0.0184209100915189
1315.279,0.0196518112921251
1317.208,0.0209470661347013
1319.136,0.0220697380141402
1321.065,0.0233350613752039
1322.994,0.0256356595862968
1324.922,0.0299394812345426
1326.851,0.0380930260373469
1328.779,0.0525641258004073
1330.708,0.074457306839443
1332.636,0.10491319652807
1334.565,0.145248801581316
1336.493,0.194458360700145
1338.422,0.240164595898863
1340.351,0.262940762176015
1342.279,0.254508428525645
1344.208,0.22475680311656
1346.136,0.183163870985
1348.065,0.141083462861925
1349.993,0.105603255094629
1351.922,0.0791448649403474
1353.85,0.059841573428155
1355.779,0.0442357602496448
1357.708,0.0321594569341197
1359.636,0.0237692151653619
1361.565,0.0183510556050916
1363.493,0.012387164422129
1365.422,0.00693013907420004
1367.35,0.00387951885469945
1369.279,0.00201241605408647
1371.208,8.50974889081945E-4
1373.136,0.00197020945538513
1375.065,0.00396663017887616
1376.993,0.00556596177469802
1378.922,0.00527335386923251
1380.85,0.00385543477803896
1382.779,0.00302384011647825
1384.708,0.00502398469478757
1386.636,0.00979907424064519
1388.565,0.0101908599528143
1390.493,0.00576452740447989
1392.422,0.00374193707462491
1394.35,0.00513835102509479
1396.279,0.00668847296416535
1398.207,0.0076668866077227
1400.136,0.00799645848826275
1402.065,0.00847073098603494
1403.993,0.0118882848095736
1405.922,0.0161222587753719
1407.85,0.0215016137164583
1409.779,0.0299457501320739
1411.707,0.042161427554301
1413.636,0.0540619063663581
1415.564,0.0603490600172368
1417.493,0.0609791657919143
1419.422,0.0611137793393306
1421.35,0.0619301183713311
1423.279,0.0643690009348666
1425.207,0.066026741278986
1427.136,0.0702622376556368
1429.064,0.0780059260575913
1430.993,0.0862426093855418
1432.922,0.0945738491007953
1434.85,0.103497701113192
1436.779,0.103203614703966
1438.707,0.0908539715455376
1440.636,0.0769421714497033
1442.564,0.0653720531419279
1444.493,0.0592565611259383
1446.422,0.0631898444414477
1448.35,0.0791404037951897
1450.279,0.107760283699588
1452.207,0.176062999817821
1454.136,0.31640799271463
1456.064,0.471620048152934
1457.993,0.292650283744163
1459.921,0.13075932053724
1461.85,0.0656169325574416
1463.779,0.0391840547223077
1465.707,0.0256020898338008
1467.636,0.0208807483415743
1469.564,0.0212709628288016
1471.493,0.0305356989187476
1473.421,0.055736737625714
1475.35,0.0829287326509215
1477.278,0.0948831558775664
1479.207,0.0749122828732563
1481.136,0.043357931919823
1483.064,0.0228653204653347
1484.993,0.013921225037249
1486.921,0.0111479059875378
1488.85,0.0103173074610813
1490.778,0.00841638876637903
1492.707,0.00473718526375184
1494.635,0.00448083777899265
1496.564,0.00464767459495572
1498.493,0.0039232716074393
1500.421,0.00202756497257472
1502.35,0.00113228707907284
1504.278,0.00180505127097732
1506.207,0.00703372799580992
1508.135,0.00580481662752335
1510.064,0.00185670861273703
1511.993,-5.90292104065679E-4
1513.921,-5.41994055623454E-4
1515.85,0.00121621793605468
1517.778,0.00157912100792019
1519.707,0.00140357895157345
1521.635,0.00302468528302588
1523.564,0.00110503893552657
1525.493,0.00166128556271879
1527.421,8.59772316161516E-4
1529.35,-4.96057578132439E-4
1531.278,-5.083528678392E-4
1533.207,0.00128013184841936
1535.135,-9.95649995559515E-4
1537.064,-0.00128550323001348
1538.992,0.00118986462537492
1540.921,0.00421735319769652
1542.85,0.00258933659605404
1544.778,0.00137877056925515
1546.707,-0.00217041068323323
1548.635,-0.00119921600759088
1550.564,1.38993187598802E-4
1552.492,0.00165937863146192
1554.421,0.00316993339265477
1556.349,0.0057502001236212
1558.278,0.0118300318908273
1560.207,0.0123757460246108
1562.135,0.0102467492289613
1564.064,0.0124762141026102
1565.992,0.0146512953172456
1567.921,0.017975285814776
1569.849,0.0217240804613333
1571.778,0.0229750641624149
1573.707,0.0248696781485234
1575.635,0.0298934336125531
1577.564,0.0337883522592856
1579.492,0.0364900109294387
1581.421,0.0405678743610577
1583.349,0.0463267420113252
1585.278,0.0538295674047596
1587.207,0.0615729844655297
1589.135,0.0655390170836849
1591.064,0.066617975725008
1592.992,0.0681554063417064
1594.921,0.0713957410997165
1596.849,0.0740968272066894
1598.778,0.0765466915009965
1600.706,0.0796555728562911
1602.635,0.0840880531275414
1604.564,0.0873282639859141
1606.492,0.0866294577495099
1608.421,0.0787128585608607
1610.349,0.0649799455639711
1612.278,0.0518707070007017
1614.206,0.0460889421250777
1616.135,0.0470637087914039
1618.063,0.0460926086121602
1619.992,0.0406407966193414
1621.921,0.0356515599667821
1623.849,0.0297537379160032
1625.778,0.0251198334737322
1627.706,0.0224949633903529
1629.635,0.0202809083328169
1631.563,0.0193059812718479
1633.492,0.0203006237686396
1635.421,0.0230666958688323
1637.349,0.0226093274081968
1639.278,0.0215470960513942
1641.206,0.0218082950511924
1643.135,0.0225533012016517
1645.063,0.0247223168884331
1646.992,0.0263638754122994
1648.92,0.0236479361834067
1650.849,0.0228260776045343
1652.778,0.0254206864277686
1654.706,0.0214003389896475
1656.635,0.017604217379924
1658.563,0.0154470315369017
1660.492,0.014695238218577
1662.42,0.0140367461729964
1664.349,0.0117899916216844
1666.277,0.0108459483201701
1668.206,0.0124560332045669
1670.135,0.0135941705075953
1672.063,0.0133947058352479
1673.992,0.0138139869765359
1675.92,0.0128878486454378
1677.849,0.0103268947702362
1679.777,0.00923621723795917
1681.706,0.00869978309246357
1683.635,0.0100224950024109
1685.563,0.00631671419390446
1687.492,0.00418614216505601
1689.42,0.00328798050145163
1691.349,0.00177796289689327
1693.277,0.00170293991127978
1695.206,0.0037339970867001
1697.135,0.00415568300916695
1699.063,0.00465162223348672
1700.992,0.00419100911091678
1702.92,0.00243932393933501
1704.849,0.00239307700123819
1706.777,0.00122363334958632
1708.706,1.20230614361985E-4
1710.634,0
1712.563,3.6238711026729E-4
1714.492,0.00192613935819313
1716.42,0.00330275614953395
1718.349,0.00269915007075589
1720.277,-2.68678672055878E-4
1722.206,-0.00130101343757365
1724.134,-0.0018317715420238
1726.063,-0.00242600035736854
1727.991,-0.00206872286900377
1729.92,-0.00128355795244407
1731.849,-8.7661368960279E-4
1733.777,2.62324685054712E-4
1735.706,-0.0020159407125122
1737.634,-0.00298633297528073
1739.563,-0.00256020410684952
1741.491,-0.00251917709103566
1743.42,-0.00236226243026925
1745.349,-0.0028236315058155
1747.277,-0.00233465389835971
1749.206,-0.00158827531921186
1751.134,-0.00203677619407356
1753.063,-0.00400788381088262
1754.991,-0.00442543681484192
1756.92,-0.00363782192257038
1758.849,-0.0039375392838398
1760.777,-0.0033874160528409
1762.706,-0.00338059906503986
1764.634,-0.00382137821726271
1766.563,-0.00232945266611672
1768.491,0
1770.42,0.00217946082193821
1772.348,0.00518268880525115
1774.277,0.00696103729413773
1776.206,0.00816479019380851
1778.134,0.00824827151818955
1780.063,0.00707043012021126
1781.991,0.00385130717831672
1783.92,0.00149931780978615
1785.848,-4.12664473379331E-4
1787.777,-0.00199206890391274
1789.705,-0.00173528912616836
1791.634,-8.88282031076593E-4
1793.563,-0.00200106197794512
1795.491,-0.00283192897588916
1797.42,-0.00302722553831805
1799.348,-0.00243205131692134
1801.277,-0.00173048708285435
1803.205,-0.00223108905214965
1805.134,-0.00253225111253897
1807.063,-0.00174768192126308
1808.991,-5.12258972173269E-4
1810.92,8.36151856823113E-4
1812.848,0.00160057635832879
1814.777,0.00228802454403488
1816.705,0.00287339363046787
1818.634,0.00221409760546861
1820.563,0.0010868607263372
1822.491,5.49978028363455E-4
1824.42,7.44975569662275E-4
1826.348,0
1828.277,-4.44948916534715E-5
1830.205,4.16372825519495E-5
1832.134,-0.00140024927629629
1834.062,-0.00191637068352627
1835.991,-0.0017535485076903
1837.92,-0.00160183539759808
1839.848,-0.00171587639638547
1841.777,-9.38860326213017E-4
1843.705,3.10312709731532E-4
1845.634,1.5239922795791E-4
1847.562,-3.36304770853571E-4
1849.491,-5.18066652220545E-4
1851.419,-3.57063672421805E-4
1853.348,3.73005229356494E-4
1855.277,0.00129107595793158
1857.205,0.00250407266888072
1859.134,0.00331695660381989
1861.062,0.00318411854231526
1862.991,0.00189303637818284
1864.919,8.75282543298097E-4
1866.848,0.00103391112295886
1868.776,0.0011288377982632
1870.705,-3.83993554786594E-4
1872.634,-0.0013078666451556
1874.562,-0.00137052568300631
1876.491,-0.00118840709850073
1878.419,-0.00101970811339496
1880.348,-8.61669827776952E-4
1882.276,-6.21202741509238E-4
1884.205,0
1886.134,6.32230522957493E-4
1888.062,0.00227172374713799
1889.991,0.00429534670725306
1891.919,0.00594074174849462
1893.848,0.00881055836662478
1895.776,0.0115114687854907
1897.705,0.0115293338373674
1899.634,0.0085900321804589
1901.562,0.00459228897215948
1903.491,0.00165977079744253
1905.419,1.94765499464816E-5
1907.348,-6.39647311885486E-4
1909.276,-9.85275100821307E-4
1911.205,-0.00170100282130663
1913.133,-0.00224020618572161
1915.062,-0.00224483734696531
1916.991,-0.00168185429303097
1918.919,-0.00178923447909151
1920.848,-0.00192063572288856
1922.776,-0.00134770262430176
1924.705,-0.00166357594654132
1926.633,-0.00135091163348827
1928.562,-2.45136379597364E-4
1930.49,0.00149720034068459
1932.419,0.0037420862950323
1934.348,0.00595950190048506
1936.276,0.00655398436489387
1938.205,0.00473590576231078
1940.133,0.0019716396438919
1942.062,0
1943.99,-0.00183205266163101
1945.919,-0.00292808301941683
1947.848,-0.00346570140635936
1949.776,-0.00376027626842434
1951.705,-0.00387010440070055
1953.633,-0.00377352615617185
1955.562,-0.00370259818761716
1957.49,-0.00365602212808855
1959.419,-0.00348919471293025
1961.348,-0.00324481150959526
1963.276,-0.00302376893029905
1965.205,-0.00243930492992988
1967.133,-0.00197954946194918
1969.062,-0.00226560080647003
1970.99,-0.00246735081982325
1972.919,-0.00239159225009904
1974.847,-0.00226898473262666
1976.776,-0.00211008833101182
1978.705,-0.0019430149227623
1980.633,-0.0017656942520821
1982.562,-0.00158870561134907
1984.49,-0.00132930030501603
1986.419,-0.00100942046127552
1988.347,-7.46986677677065E-4
1990.276,-4.09212901022268E-4
1992.204,-2.56581329930545E-5
1994.133,-3.84220634175419E-4
1996.062,-4.33719124134727E-4
1997.99,-2.16498164139037E-4
1999.919,0
2001.847,-6.57745383681332E-5
2003.776,-8.34197981952337E-5
2005.704,-1.2594617759056E-4
2007.633,-1.31684130550929E-4
2009.562,-2.43491916086301E-4
2011.49,-3.12215689283236E-4
2013.419,-4.02197368306687E-4
2015.347,-2.39118306487284E-4
2017.276,-5.91837613092632E-5
2019.204,-2.38960975789125E-4
2021.133,-4.34784587167098E-4
2023.062,-4.23881697145889E-4
2024.99,-4.23777423456689E-4
2026.919,-3.41406901414663E-4
2028.847,-2.74248843018735E-4
2030.776,-2.54574058309573E-4
2032.704,-1.88162375216545E-4
2034.633,-8.59816420698729E-5
2036.561,-1.07670802981849E-5
2038.49,1.42037728130041E-4
2040.419,3.78389109906907E-4
2042.347,4.85603856618246E-4
2044.276,4.39288556944947E-4
2046.204,3.71638555778645E-4
2048.133,3.02535232124204E-4
2050.061,3.25742492893486E-4
2051.99,2.36723886932881E-4
2053.918,1.70734437775801E-4
2055.847,8.71722023019709E-5
2057.776,0
2059.704,-5.61449986006552E-5
2061.633,-8.24168479546803E-5
2063.561,-2.57024277504315E-5
2065.49,-6.03829724993247E-5
2067.418,-3.60504706787411E-4
2069.347,-4.5445556891193E-4
2071.276,-4.82721743686317E-4
2073.204,-4.89914544494529E-4
2075.133,-4.85972988816045E-4
2077.061,-4.04362539234632E-4
2078.99,-3.650620546229E-4
2080.918,-3.18517673157361E-4
2082.847,-2.70491716675931E-4
2084.775,-1.95788823884855E-4
2086.704,-1.5815302255168E-4
2088.633,-6.67816475739842E-5
2090.561,-4.14362953793249E-6
2092.49,1.01442846306173E-4
2094.418,2.68218025396843E-4
2096.347,5.32073788450028E-4
2098.275,8.19833049925732E-4
2100.204,0.00106924936935902
2102.133,0.0012314661580209
2104.061,0.00128478258825886
2105.99,0.00118103763415447
2107.918,0.00102744916354957
2109.847,7.69838000114399E-4
2111.775,4.74914627943518E-4
2113.704,2.09391400066732E-4
2115.633,0
2117.561,-1.69354221907861E-4
2119.49,-2.49051709743081E-4
2121.418,-3.21505522046858E-4
2123.347,-3.80234826236025E-4
2125.275,-3.80871131567086E-4
2127.204,-4.0460562326911E-4
2129.132,-5.0414254145928E-4
2131.061,-5.28370170058399E-4
2132.99,-5.64207362308167E-4
2134.918,-5.97658949582994E-4
2136.847,-6.87277784661972E-4
2138.775,-7.56745901349664E-4
2140.704,-7.6999507557387E-4
2142.632,-6.9834518766108E-4
2144.561,-6.27150929398574E-4
2146.49,-5.59998751115694E-4
2148.418,-5.48095511848735E-4
2150.347,-5.3986634668656E-4
2152.275,-5.57046613398687E-4
2154.204,-5.40638068039587E-4
2156.132,-5.28248062638347E-4
2158.061,-4.35105852061592E-4
2159.989,-4.02544718916025E-4
2161.918,-3.48572381176744E-4
2163.846,-1.84558315899273E-4
2165.775,-9.17842573809123E-5
2167.704,-1.19616860589304E-4
2169.632,-8.94494131338413E-5
2171.561,-6.79589792574073E-5
2173.489,0
2175.418,2.949916962634E-6
2177.346,9.7977502166016E-6
2179.275,4.26455058109562E-5
2181.204,5.74046591801249E-5
2183.132,1.30560008808189E-5
2185.061,5.96785654441983E-5
2186.989,1.93801610706892E-4
2188.918,3.2884547974389E-4
2190.846,4.10172566087645E-4
2192.775,4.54731871212835E-4
2194.704,4.13800619839166E-4
2196.632,3.58249302083983E-4
2198.561,2.11178726740236E-4
2200.489,9.77813262722997E-5
2202.418,-3.91068139017148E-6
2204.346,-1.32570808009041E-4
2206.275,-2.4286321264588E-4
2208.203,-3.29877264572823E-4
2210.132,-4.70401313762741E-4
2212.061,-5.72784056738826E-4
2213.989,-6.73309152427563E-4
2215.918,-7.04713185453216E-4
2217.846,-6.8526890960893E-4
2219.775,-6.27578190655426E-4
2221.703,-5.44981709250403E-4
2223.632,-4.09450952299843E-4
2225.561,-2.9607084209124E-4
2227.489,-1.797362874162E-4
2229.418,-8.73483131813267E-5
2231.346,0
2233.275,3.56649706796635E-5
2235.203,2.35616013132959E-5
2237.132,3.6458259795352E-5
2239.06,1.3231276707662E-4
2240.989,2.03756554774944E-4
2242.917,2.49936359354316E-4
2244.846,2.38311526529544E-4
2246.775,1.70193692972034E-4
2248.703,3.17404001489404E-5
2250.632,-9.22230265908496E-5
2252.56,-1.2501609893963E-4
2254.489,-2.89878932261884E-5
2256.417,2.6279883119425E-5
2258.346,1.24162945575067E-4
2260.275,2.54820268396562E-4
2262.203,3.89166801536979E-4
2264.132,3.98528769001154E-4
2266.06,2.91445160757346E-4
2267.989,1.38616389373032E-4
2269.917,-2.64033069933213E-5
2271.846,-1.80101341863272E-4
2273.774,-2.61875173953521E-4
2275.703,-2.92490379546161E-4
2277.632,-3.03154528401447E-4
2279.56,-3.48662959807008E-4
2281.489,-3.67508476129124E-4
2283.417,-4.22016309537848E-4
2285.346,-3.88306872221203E-4
2287.274,-2.44825480767899E-4
2289.203,0
2291.132,1.66632698174439E-4
2293.06,3.76612784204037E-4
2294.989,5.65829885679749E-4
2296.917,8.11712195185061E-4
2298.846,0.00104653074345566
2300.774,0.00138903595108459
2302.703,0.00179941281230132
2304.632,0.00215253974323365
2306.56,0.00238558825915751
2308.489,0.00260127899717933
2310.417,0.00281864303127827
2312.346,0.00297683868605949
2314.274,0.00288939722414317
2316.203,0.00280351459813641
2318.131,0.00293548608408529
2320.06,0.00319435486541789
2321.989,0.00313992525111201
2323.917,0.00272459257971578
2325.846,0.0023610403078237
2327.774,0.0023284298440677
2329.703,0.00237445775412755
2331.631,0.00180914003235054
2333.56,6.92834476618624E-4
2335.489,5.80881369923094E-5
2337.417,2.02869042114601E-4
2339.346,8.19063112016066E-4
2341.274,0.00117634400476221
2343.203,0.00118913126034842
2345.131,9.0804776966943E-4
2347.06,0
2348.989,-1.78881985991193E-4
2350.917,4.72399626642725E-4
2352.845,0.0012210932146971
2354.774,0.00186912516421984
2356.703,0.00204944790121077
2358.631,0.00211064523726754
2360.56,0.00213696768807163
2362.488,0.00234548480053521
2364.417,0.00244099262197757
2366.345,0.00242745457419906
2368.274,0.00233895461065991
2370.203,0.00236522461438221
2372.131,0.00250360885642
2374.06,0.00253528595739313
2375.988,0.00232206212186353
2377.917,0.00202026364179198
2379.845,0.00149443201607877
2381.774,7.61118990602192E-4
2383.703,3.10587734083465E-5
2385.631,-4.03141102721487E-4
2387.56,-6.1955107950894E-4
2389.488,-6.01423520757861E-4
2391.417,-4.57374756082165E-4
2393.345,-3.02092136502633E-4
2395.274,-2.21167790925635E-4
2397.202,-1.60086076594164E-4
2399.131,-1.54596922259811E-4
2401.06,-1.27816647959719E-4
2402.988,-8.61197735339595E-5
2404.917,0
2406.845,-5.42358336221168E-5
2408.774,-1.29565636420216E-4
2410.702,-2.60315026610902E-4
2412.631,-3.38865740632069E-4
2414.56,-4.12341043833385E-4
2416.488,-4.60925658820459E-4
2418.417,-5.01484039007116E-4
2420.345,-5.11428905857297E-4
2422.274,-5.28951677099389E-4
2424.202,-5.07069143956047E-4
2426.131,-4.5205298729998E-4
2428.06,-3.24718453959943E-4
2429.988,-1.77572829108911E-4
2431.917,-8.02311764419427E-5
2433.845,1.12984610183002E-5
2435.774,1.94702658339422E-4
2437.702,3.67185716404655E-4
2439.631,5.15719745101641E-4
2441.559,6.06096532948112E-4
2443.488,6.51568792698732E-4
2445.417,6.64588568513E-4
2447.345,6.57008345754694E-4
2449.274,5.67283102507362E-4
2451.202,4.31441021447441E-4
2453.131,2.98588579320663E-4
2455.059,2.27021851024286E-4
2456.988,1.59562942549156E-4
2458.917,7.89121948494799E-5
2460.845,-2.3300682691265E-6
2462.774,0
2464.702,1.01098877256088E-4
2466.631,1.36335560460112E-4
2468.559,8.85725292082643E-5
2470.488,1.2944102840477E-5
2472.417,-1.0066868729121E-4
2474.345,-2.56100960700162E-4
2476.273,-4.64776131430551E-4
2478.202,-6.72793401760278E-4
2480.131,-8.55705230431769E-4
2482.059,-9.56522449189514E-4
2483.988,-9.85937879489639E-4
2485.916,-9.25256768238047E-4
2487.845,-8.84906439622464E-4
2489.773,-9.1210643489412E-4
2491.702,-9.61974323889775E-4
2493.631,-9.63535597914413E-4
2495.559,-9.50360788713459E-4
2497.488,-9.58459887212782E-4
2499.416,-0.00103692576690094
2501.345,-0.00111694378657957
2503.273,-0.00118447585929547
2505.202,-0.00117773648685905
2507.131,-0.00117374021945596
2509.059,-0.00110008644940696
2510.988,-9.92258742187582E-4
2512.916,-8.71187584955639E-4
2514.845,-7.24687319586437E-4
2516.773,-5.42534664398466E-4
2518.702,-2.84608118389616E-4
2520.63,0
2522.559,2.74433988559612E-4
2524.488,5.57080612696145E-4
2526.416,8.05091140126635E-4
2528.345,0.0010210019468647
2530.273,0.00105614074653023
2532.202,9.02952654003675E-4
2534.13,6.79034712761887E-4
2536.059,4.54475547672281E-4
2537.988,1.94143378626277E-4
2539.916,-8.56819102054837E-6
2541.845,-1.74170135094246E-4
2543.773,-3.45187104776745E-4
2545.702,-5.02520950391668E-4
2547.63,-5.98491907049839E-4
2549.559,-6.69264438738503E-4
2551.488,-6.7869453104112E-4
2553.416,-6.30355675148423E-4
2555.344,-5.33195468303083E-4
2557.273,-5.21896211313729E-4
2559.202,-5.81527228745874E-4
2561.13,-6.35628040292336E-4
2563.059,-6.45986569409714E-4
2564.987,-6.90827203568404E-4
2566.916,-6.52737725800368E-4
2568.844,-6.29770568682482E-4
2570.773,-5.27059959022018E-4
2572.702,-3.37109340634934E-4
2574.63,-2.04612766621034E-4
2576.559,-1.27599319838382E-4
2578.487,0
2580.416,5.44209804141057E-5
2582.344,3.70586734624882E-5
2584.273,-2.5029548691966E-5
2586.202,-6.91240025543852E-5
2588.13,-1.19484793828813E-4
2590.059,-1.94782131602795E-4
2591.987,-2.75986231039832E-4
2593.916,-2.68522227014295E-4
2595.844,-2.54269894297969E-4
2597.773,-2.89415513248629E-4
2599.701,-2.85696254025494E-4
2601.63,-1.43728267934908E-4
2603.559,-3.15027572601954E-5
2605.487,6.84654798491218E-5
2607.416,1.60266615275206E-4
2609.344,2.96880636044772E-4
2611.273,4.31183360046517E-4
2613.201,5.12067788222494E-4
2615.13,5.69115226189379E-4
2617.059,5.82474008146698E-4
2618.987,5.87022877825498E-4
2620.916,6.16560467434185E-4
2622.844,6.34017841879192E-4
2624.773,6.54006803029956E-4
2626.701,5.98985968575079E-4
2628.63,4.7387114776942E-4
2630.559,2.97111085221033E-4
2632.487,1.32315123121505E-4
2634.416,2.23642476454775E-5
2636.344,0
2638.273,-7.63210636392988E-5
2640.201,-1.95937767594244E-4
2642.13,-3.22348364033711E-4
2644.058,-3.81338685786599E-4
2645.987,-4.23483610594732E-4
2647.916,-4.45223882199567E-4
2649.844,-4.20205464670518E-4
2651.773,-3.74085204495478E-4
2653.701,-3.54762956752282E-4
2655.63,-3.1677331712474E-4
2657.558,-2.49411652434234E-4
2659.487,-1.1222510758094E-4
2661.416,1.20706034930423E-5
2663.344,1.49550445503271E-4
2665.273,3.13519336861336E-4
2667.201,4.02889167115368E-4
2669.13,4.70485054352858E-4
2671.058,6.65741042721132E-4
2672.987,8.49654277106743E-4
2674.916,9.67139948449927E-4
2676.844,0.00100221634275131
2678.772,8.31322203480734E-4
2680.701,5.38565397217459E-4
2682.63,2.62389906640898E-4
2684.558,9.44981850026111E-5
2686.487,2.45783499576125E-5
2688.415,1.19565424156374E-5
2690.344,5.31473276677557E-5
2692.272,5.65464553322541E-5
2694.201,0
2696.13,-1.33179669237074E-4
2698.058,-2.52350173770367E-4
2699.987,-4.06421077774447E-4
2701.915,-5.71488367944231E-4
2703.844,-6.86495419344761E-4
2705.772,-7.59945395587173E-4
2707.701,-8.02240161823003E-4
2709.63,-7.97224327335775E-4
2711.558,-7.74305858370423E-4
2713.487,-7.20296350713177E-4
2715.415,-7.31115177889248E-4
2717.344,-7.66796757991472E-4
2719.272,-7.84487209268833E-4
2721.201,-7.42191797543513E-4
2723.129,-6.76352863599826E-4
2725.058,-6.11466808324247E-4
2726.987,-5.71594619952257E-4
2728.915,-5.43270253665552E-4
2730.844,-5.10382410194869E-4
2732.772,-5.15101926327369E-4
2734.701,-5.29730511327257E-4
2736.629,-5.23245928348374E-4
2738.558,-4.99346086788437E-4
2740.487,-4.41611071725287E-4
2742.415,-3.86490290560909E-4
2744.344,-2.95040807169975E-4
2746.272,-1.46066716808398E-4
2748.201,3.9115525506196E-5
2750.129,1.30933066545849E-4
2752.058,0
2753.987,-2.99510449107178E-4
2755.915,-5.86604562609324E-4
2757.844,-8.0748824451101E-4
2759.772,-8.97656295333419E-4
2761.701,-9.12437617003775E-4
2763.629,-9.29963994739891E-4
2765.558,-9.11851558897771E-4
2767.486,-7.96787041258791E-4
2769.415,-7.32994889684233E-4
2771.344,-7.08860336264393E-4
2773.272,-7.04427773182153E-4
2775.201,-7.09583404883191E-4
2777.129,-7.00922886830825E-4
2779.058,-6.80840943650154E-4
2780.986,-6.85256888881533E-4
2782.915,-6.10421166889717E-4
2784.844,-4.84118108666608E-4
2786.772,-3.30690942163375E-4
2788.701,-1.58401085244992E-4
2790.629,-2.53795837203879E-5
2792.558,-2.26884256543632E-5
2794.486,-5.0598844574954E-5
2796.415,-7.92045418036114E-5
2798.343,-8.0049999528447E-5
2800.272,-3.93399787739176E-5
2802.2,5.00511701205784E-5
2804.129,9.49205718116715E-5
2806.058,8.1456202160087E-5
2807.986,4.90862516157389E-5
2809.915,0
2811.843,-1.57547289754002E-4
2813.772,-3.07155803254171E-4
2815.7,-4.2688261287494E-4
2817.629,-5.75323421919316E-4
2819.558,-7.47694138296931E-4
2821.486,-8.11628549317715E-4
2823.415,-8.80617686242886E-4
2825.343,-9.24583815715404E-4
2827.272,-9.19318908915722E-4
2829.2,-8.93566372061694E-4
2831.129,-7.6447445693432E-4
2833.057,-5.4784933578778E-4
2834.986,-3.49219021157994E-4
2836.915,-2.06764372347248E-5
2838.843,3.84628043422541E-4
2840.772,7.95578160965022E-4
2842.7,0.00129389215338468
2844.629,0.00169242302892658
2846.557,0.00181888673312895
2848.486,0.00161272442163681
2850.415,0.00120253125074088
2852.343,8.28550806695788E-4
2854.272,6.04660614277074E-4
2856.2,5.64682452866562E-4
2858.129,6.75008606714362E-4
2860.057,7.99861996923243E-4
2861.986,7.95225311932882E-4
2863.915,6.98772930925947E-4
2865.843,4.13032858297711E-4
2867.771,0
2869.7,-3.45650185346573E-4
2871.629,-4.65000978770499E-4
2873.557,-5.13066632986108E-4
2875.486,-6.46232239374286E-4
2877.414,-7.57726075067428E-4
2879.343,-8.47424083731494E-4
2881.271,-8.82614918694608E-4
2883.2,-8.39762393690445E-4
2885.129,-7.30062506558362E-4
2887.057,-5.93651455818722E-4
2888.986,-4.64485067697032E-4
2890.914,-4.07996782599451E-4
2892.843,-5.18479825706878E-4
2894.771,-6.99754653043914E-4
2896.7,-9.53458704173006E-4
2898.629,-0.00113957798768929
2900.557,-0.00117986499887297
2902.486,-0.00106020185679405
2904.414,-8.67217971798099E-4
2906.343,-5.46745080924679E-4
2908.271,4.14855840768858E-5
2910.2,0.00119178974617747
2912.128,0.00304152639115335
2914.057,0.00546626962048273
2915.986,0.00832114074742054
2917.914,0.0112555011911871
2919.843,0.013383224728687
2921.771,0.0141684542868651
2923.7,0.0133350368669374
2925.628,0.0112126095423038
2927.557,0.0084755316663994
2929.486,0.00583271118950295
2931.414,0.00363472257005437
2933.343,0.0020810798957971
2935.271,0.00106172978963667
2937.2,5.11800889589221E-4
2939.128,2.88103551605294E-4
2941.057,2.92990742887191E-4
2942.986,3.94354167681113E-4
2944.914,4.13998228034365E-4
2946.843,4.12959961256237E-4
2948.771,6.01434744078915E-4
2950.7,0.00117863063318144
2952.628,0.00208536708492953
2954.557,0.00332315219657469
2956.485,0.00493988789235593
2958.414,0.00654446923585607
2960.343,0.00762479370691116
2962.271,0.00786766021999939
2964.2,0.00726259742292698
2966.128,0.00599518128600502
2968.057,0.00448357649288693
2969.985,0.00306567677108897
2971.914,0.00190862861380849
2973.843,0.00101744662723779
2975.771,3.61073622407652E-4
2977.7,-8.71621277724263E-6
2979.628,-1.2074891429822E-4
2981.557,-1.18330120458325E-4
2983.485,0
2985.414,4.37059210693164E-4
2987.343,0.00108591139878847
2989.271,0.00182031485628252
2991.199,0.00256708772653574
2993.128,0.00321273648082195
2995.057,0.00365316015522452
2996.985,0.00386847829702035
2998.914,0.00386480170944809
3000.842,0.00348859965533422
3002.771,0.00284807551708513
3004.699,0.00206756345109503
3006.628,0.00127970136360633
3008.557,6.49579455117027E-4
3010.485,2.04581575493495E-4
3012.414,-8.34150134292463E-5
3014.342,-1.91973899200728E-4
3016.271,-1.74433917929415E-4
3018.199,4.52925405303416E-5
3020.128,3.52342830562443E-4
3022.057,6.68687529243707E-4
3023.985,9.57561232940009E-4
3025.914,0.00129602808438981
3027.842,0.00177920752878001
3029.771,0.00258795982601034
3031.699,0.00358420056426518
3033.628,0.00504517713076597
3035.556,0.00714979469680247
3037.485,0.0100240527320901
3039.414,0.0132408893284199
3041.342,0.0153871064825463
3043.271,0.0156496026877633
3045.199,0.0149193573763324
3047.128,0.0145457230757124
3049.056,0.0149359170857562
3050.985,0.0156726226890758
3052.914,0.0166563286930212
3054.842,0.0181662257780896
3056.771,0.0203648798159553
3058.699,0.0229840288228908
3060.628,0.0251107350642432
3062.556,0.025557164338244
3064.485,0.0243549602927765
3066.414,0.022570324171002
3068.342,0.0211686875240715
3070.271,0.0203427643561619
3072.199,0.0198887536003725
3074.128,0.0195899967644948
3076.056,0.0192578715999522
3077.985,0.0185879715783114
3079.913,0.0174511398143484
3081.842,0.016037614455453
3083.771,0.0148805772007871
3085.699,0.0142579652773403
3087.628,0.0141368936101296
3089.556,0.0141147587899117
3091.485,0.0137571595431537
3093.413,0.0128208902099749
3095.342,0.0113752540966823
3097.271,0.00959828623216372
3099.199,0.00790500634751863
3101.128,0.0063459123855148
3103.056,0.0050076437998922
3104.985,0.0040418189071251
3106.913,0.00344786683880961
3108.842,0.00306412840850423
3110.771,0.002772413460425
3112.699,0.00245658631440484
3114.627,0.0021346809632644
3116.556,0.00193486160530357
3118.485,0.00173411052249057
3120.413,0.0015474774690352
3122.342,0.0014012379843343
3124.27,0.00120168865844354
3126.199,0.00109781374766202
3128.127,9.43247409110056E-4
3130.056,8.40499233058492E-4
3131.985,8.03959621986121E-4
3133.913,6.5463761722272E-4
3135.842,4.94551739340467E-4
3137.77,4.26455393306322E-4
3139.699,3.29953896289469E-4
3141.627,2.23172676933065E-4
3143.556,1.84081520617825E-4
3145.485,1.45556050755371E-4
3147.413,1.21650749574874E-4
3149.342,1.38383572833234E-4
3151.27,1.52784663009671E-4
3153.199,9.2473579493038E-5
3155.127,-8.6867857394377E-6
3157.056,0
3158.984,3.66729745851043E-5
3160.913,2.77860813139646E-5
3162.842,3.02901673994762E-5
3164.77,8.96169442979465E-5
3166.699,1.57041941599918E-4
3168.627,1.71326958608991E-4
3170.556,2.21581953857261E-4
3172.484,2.66357685598713E-4
3174.413,2.93653384992486E-4
3176.342,3.43831922914952E-4
3178.27,3.44894999280787E-4
3180.199,2.3822106692151E-4
3182.127,1.63444950640592E-4
3184.056,1.8316783913001E-4
3185.984,1.29664571629376E-4
3187.913,7.33035341058016E-5
3189.842,9.69791145658411E-5
3191.77,1.21652145967818E-4
3193.698,6.12925757194137E-5
3195.627,8.85315308983044E-5
3197.556,1.44551634912728E-4
3199.484,1.11969151566038E-4
3201.413,5.22700069412828E-5
3203.341,4.21236180819702E-5
3205.27,8.6355671603993E-5
3207.198,6.94278178272868E-5
3209.127,7.32802123556928E-5
3211.056,1.14035878099848E-4
3212.984,1.10060677049747E-4
3214.913,0
3216.841,-6.54271787126494E-5
3218.77,5.4348452704692E-5
3220.698,3.36729167677738E-5
3222.627,-2.57912660355179E-5
3224.556,-4.87951325391406E-5
3226.484,-1.4720806299708E-5
3228.413,-1.66533976190827E-5
3230.341,-1.21640955228324E-5
3232.27,4.54217567216776E-5
3234.198,-1.37321327093683E-5
3236.127,-1.35835585604196E-4
3238.055,-1.5952265066097E-4
3239.984,-1.56712714837347E-4
3241.913,-1.30455832110578E-4
3243.841,-5.03605852865531E-5
3245.77,-6.25255786601396E-6
3247.698,-4.2146751164133E-5
3249.627,-1.01429126507453E-4
3251.555,-8.90746705778754E-5
3253.484,1.5775221254074E-5
3255.413,-1.82535651932725E-6
3257.341,-1.23190961083586E-4
3259.27,-1.51195586884533E-4
3261.198,-1.5186112180797E-4
3263.127,-1.30382692139771E-4
3265.055,-6.89789900943756E-5
3266.984,-5.3577033821299E-5
3268.913,-3.42683586496171E-5
3270.841,-4.05781399473348E-5
3272.77,0
3274.698,-4.77709693197347E-5
3276.627,-1.68838236489569E-4
3278.555,-2.6948385037202E-4
3280.484,-2.63830655143377E-4
3282.412,-2.33906219652382E-4
3284.341,-2.28685027662698E-4
3286.27,-2.36037593162434E-4
3288.198,-2.13484458398139E-4
3290.127,-1.380111984375E-4
3292.055,-5.4743172546959E-5
3293.984,-1.67036494843485E-4
3295.912,-1.73529730657735E-4
3297.841,-1.42721162951155E-4
3299.77,-1.90374387554544E-4
3301.698,-1.46578369216725E-4
3303.627,-5.33465556244661E-5
3305.555,-7.11063819197232E-5
3307.484,3.48545723035494E-6
3309.412,3.08095030519779E-5
3311.341,-2.5075899293563E-5
3313.27,-5.23423091272731E-5
3315.198,-1.19479752344894E-4
3317.126,-1.52806086019693E-4
3319.055,-1.66614550989555E-4
3320.984,-1.36238396786646E-4
3322.912,-3.44019422778563E-5
3324.841,7.30951838789455E-5
3326.769,9.60884090278197E-5
3328.698,3.37492286351902E-5
3330.626,0
3332.555,5.19000974487241E-7
3334.484,9.15693900430895E-5
3336.412,1.40170057336135E-4
3338.341,3.32566930871395E-5
3340.269,-3.81215880125886E-5
3342.198,-2.28771854666676E-5
3344.126,-1.9330032629228E-5
3346.055,1.93001663613679E-5
3347.984,8.65186437729705E-5
3349.912,1.3338030701814E-4
3351.841,8.97175208731148E-5
3353.769,8.84995262414976E-5
3355.698,7.73252652088673E-5
3357.626,8.69352310321787E-5
3359.555,1.78845767590906E-4
3361.483,2.41739895027427E-4
3363.412,2.0630108057005E-4
3365.341,2.2111416599884E-4
3367.269,2.14696420907683E-4
3369.198,1.74065666676199E-4
3371.126,1.20010696071446E-4
3373.055,1.20531148227774E-4
3374.983,3.9209028599896E-5
3376.912,-6.20012345648221E-5
3378.841,1.81743168058772E-5
3380.769,1.47965408844478E-5
3382.698,3.95633064693428E-5
3384.626,1.32303351866933E-4
3386.555,6.26840454580817E-5
3388.483,0
3390.412,1.17113377030333E-4
3392.34,3.32621735850177E-4
3394.269,2.11564151983111E-4
3396.198,1.76280525677086E-4
3398.126,1.72629754547293E-4
3400.055,4.82228339175497E-6
3401.983,-8.88973065359547E-5
3403.912,-1.67035248358185E-4
3405.84,-2.3260098298636E-4
3407.769,-2.05976430555638E-4
3409.698,-1.91035429486412E-4
3411.626,-1.53561578532477E-4
3413.555,-1.77583881443818E-4
3415.483,-2.21078229925255E-4
3417.412,-2.0829440663066E-4
3419.34,-5.08245756887062E-5
3421.269,-1.76580208923781E-5
3423.198,-1.8983401448416E-4
3425.126,-4.19529756398436E-4
3427.054,-4.80336166017404E-4
3428.983,-4.25998960427753E-4
3430.912,-3.69481905693356E-4
3432.84,-3.78767039151842E-4
3434.769,-4.12749573684435E-4
3436.697,-4.80928164488032E-4
3438.626,-5.09280581225095E-4
3440.554,-5.43248901020219E-4
3442.483,-5.31763585194286E-4
3444.412,-4.37116882587463E-4
3446.34,0
3448.269,-1.67780600628757E-4
3450.197,-6.91538122868387E-4
3452.126,-8.87218168861332E-4
3454.054,-8.53909875736551E-4
3455.983,-7.52204251816388E-4
3457.912,-6.89873899488818E-4
3459.84,-6.74727039723898E-4
3461.769,-6.29269142275797E-4
3463.697,-7.21088912270385E-4
3465.626,-7.6397587147827E-4
3467.554,-7.96028551754194E-4
3469.483,-8.02975203472866E-4
3471.411,-7.68776164620682E-4
3473.34,-6.99930171263287E-4
3475.269,-7.04708431578636E-4
3477.197,-8.02596515062707E-4
3479.126,-6.57074994516493E-4
3481.054,-4.36071299812788E-4
3482.983,-5.97728343357031E-4
3484.911,-6.87416965373976E-4
3486.84,-5.53965269556774E-4
3488.769,-6.89169594945975E-4
3490.697,-8.50753899030696E-4
3492.626,-7.29473814790344E-4
3494.554,-5.46163724031423E-4
3496.483,-5.34895891824513E-4
3498.411,-6.76618919175755E-4
3500.34,-3.19816890359413E-4
3502.269,2.37120796564766E-4
3504.197,0
3506.125,-4.50313316790468E-4
3508.054,-1.32747538197196E-4
3509.983,-7.5865200258143E-5
3511.911,-5.69509785420693E-4
3513.84,-8.51237330558297E-4
3515.768,-8.53394317005868E-4
3517.697,-7.41144668219161E-4
3519.625,-6.05001611864823E-4
3521.554,-3.484752652276E-5
3523.483,5.32490249979832E-4
3525.411,3.83449151089249E-4
3527.34,2.872354665456E-4
3529.268,-1.332549235518E-4
3531.197,-6.43933766684343E-4
3533.125,-8.44654185023422E-4
3535.054,-4.00963960034446E-4
3536.983,-3.70562293743293E-4
3538.911,-7.60077480805282E-4
3540.84,-7.65702128245025E-4
3542.768,-6.60213438762574E-5
3544.697,0.0010256792533491
3546.625,0.00105803610537539
3548.554,-1.3026835756896E-5
3550.482,-9.98993647545399E-5
3552.411,3.11688371983184E-4
3554.34,-2.4001671479346E-4
3556.268,-8.1325925499255E-4
3558.197,-6.87449589620694E-4
3560.125,-2.59866606894321E-4
3562.054,0
3563.982,0.00104436949698065
3565.911,0.00328775528295529
3567.84,0.00293324410186713
3569.768,3.3842099686082E-4
3571.697,-9.34925698310366E-4
3573.625,-9.96997168066863E-4
3575.554,-9.41936800539837E-4
3577.482,-0.00103351943370621
3579.411,-0.00104007263279457
3581.34,-0.00112734363066253
3583.268,-8.44294876971124E-4
3585.197,7.6504687603976E-4
3587.125,0.00260168451968122
3589.054,9.11541452663372E-4
3590.982,-7.42392885853022E-4
3592.911,-2.27204881295813E-4
3594.839,4.59029998774057E-4
3596.768,6.00231524215552E-5
3598.697,-4.28047958747976E-4
3600.625,-6.48804509771402E-4
3602.554,-0.00127599052504461
3604.482,-0.00131904706481254
3606.411,-8.93849649262289E-5
3608.339,3.34674377116431E-4
3610.268,-4.41857786482734E-4
3612.197,7.3321714991349E-5
3614.125,1.18120996951744E-4
3616.054,-2.94584533765163E-4
3617.982,4.59613940241389E-4
3619.911,0
3621.839,-0.00147068664888222
3623.768,-0.00181306961396378
3625.697,-8.70144088164523E-4
3627.625,0.00166323648699171
3629.553,0.0017931100160085
3631.482,-8.11478359184859E-4
3633.411,-0.00139351263539555
3635.339,-0.00193052595611802
3637.268,-0.00225055304300893
3639.196,-0.00236955731332206
3641.125,-0.00226948172485133
3643.053,-0.00212554951748307
3644.982,-0.00108933047346219
3646.911,0.00173849610975841
3648.839,0.00331377704697718
3650.768,0.0017434868912225
3652.696,-0.00110144197161638
3654.625,-0.00120897501924834
3656.553,-8.14707739316088E-4
3658.482,-0.00187787463320335
3660.411,-0.00252328212062635
3662.339,-0.00275534309701379
3664.268,-0.00272557485002068
3666.196,-0.00232764977040284
3668.125,-4.07854661030563E-4
3670.053,9.46002505952164E-4
3671.982,-2.89672584462245E-4
3673.91,0.00103404039589831
3675.839,0.00235338385222613
3677.768,0
3679.696,-0.0016092311375225
3681.625,-0.00255629492898951
3683.553,-0.00255453121309493
3685.482,-0.00208590553592203
3687.41,-6.79097540164681E-4
3689.339,2.28579762045645E-4
3691.268,-0.00104905733127707
3693.196,-0.00263691643814636
3695.125,-0.00308129674407253
3697.053,-0.00321491807082304
3698.982,-0.00325219355224765
3700.91,-0.00270409742664093
3702.839,-0.00310485725175014
3704.768,-0.00387812601853398
3706.696,-0.00373738644857342
3708.625,-0.0025253033592018
3710.553,-8.78363266428661E-4
3712.482,-0.00156216412864407
3714.41,-0.00351596244093451
3716.339,-0.00427688804504994
3718.267,-0.00371974614302641
3720.196,-0.00311122937821329
3722.125,-0.0026997459193364
3724.053,-0.00283429280146303
3725.982,-0.00282938591789887
3727.91,-0.00385333387923104
3729.839,-0.00423275237925002
3731.767,-0.00296218091913301
3733.696,-6.80497653488925E-4
3735.625,0
3737.553,-0.00259908704607647
3739.482,-0.00392011393266625
3741.41,-0.00366203457303433
3743.339,-0.00141503707101096
3745.267,-7.49853352613375E-4
3747.196,-0.00209617679351176
3749.125,-0.00137952500605773
3751.053,-2.82987098470421E-4
3752.981,-0.00132865822471046
3754.91,-0.00258474101098557
3756.839,-0.00244619520591661
3758.767,-0.00211823296733564
3760.696,-0.00271270094555639
3762.624,-0.00309992128552994
3764.553,-0.00220466886293406
3766.481,-0.00192604825266536
3768.41,-0.00140632072076551
3770.339,-0.00107443631665085
3772.267,-0.00203519500931644
3774.196,-0.0023426864591398
3776.124,-0.00190768904973262
3778.053,-6.83747551726672E-4
3779.981,-3.83420321722657E-4
3781.91,-0.00105467075479549
3783.839,-5.87635485023483E-4
3785.767,-2.75387532577246E-4
3787.696,-3.5348769470206E-4
3789.624,-2.55098200060019E-4
3791.553,-2.19471686315548E-4
3793.481,0
3795.41,7.82559073496486E-4
3797.338,0.00107912080838062
3799.267,0.0012933649079587
3801.196,0.0027501179430678
3803.124,0.00183372000088569
3805.053,0.00114916185105436
3806.981,0.0012054778827569
3808.91,-1.84872246658746E-4
3810.838,-0.00102856495118984
3812.767,-0.0010013341911243
3814.696,3.19272900201822E-4
3816.624,7.06258537940258E-4
3818.553,6.13768266563041E-4
3820.481,0.00221736010727937
3822.41,9.62249302368157E-4
3824.338,-4.84876520783595E-4
3826.267,-5.46508012436393E-4
3828.196,-0.0011358191087912
3830.124,-0.00116987486262072
3832.052,-8.56440917799406E-4
3833.981,-7.49335021240655E-4
3835.91,6.25523530948468E-5
3837.838,0.00130353711582957
3839.767,0.00115774496711048
3841.695,-2.49182325999492E-4
3843.624,-0.00144898718550889
3845.552,-0.00257745841545829
3847.481,-0.00268402424143204
3849.41,-0.0018651986055994
3851.338,0
3853.267,0.00202862335786382
3855.195,1.78512056869293E-4
3857.124,-0.00125977691691908
3859.052,-0.00206060796501886
3860.981,-0.00143144740549151
3862.91,-4.46688974962453E-4
3864.838,-4.01300032485253E-4
3866.767,-0.00130059632337425
3868.695,3.87868644365539E-5
3870.624,6.41354403955177E-4
3872.552,-8.08207938773854E-5
3874.481,-5.33045890110573E-4
3876.409,-0.00178251034854766
3878.338,-8.70123951786243E-4
3880.267,6.50993747268727E-4
3882.195,-3.03947896307384E-4
3884.124,-2.90659463745146E-4
3886.052,-2.28517745991817E-4
3887.981,-0.00148678358235169
3889.909,-7.78143434842306E-4
3891.838,-1.25006187632554E-4
3893.767,-0.00115928783191385
3895.695,-0.00157395769686992
3897.624,-3.3054112556489E-4
3899.552,0.0012312313606305
3901.481,0.0016405243441624
3903.409,0.00177186742810778
3905.338,6.56970459192275E-4
3907.267,-9.92304421037518E-4
3909.195,-0.00162065355794917
3911.124,-0.00158001110865656
3913.052,-0.00158605372136031
3914.981,-7.19300545666989E-4
3916.909,2.81835246134857E-4
3918.838,6.633946935529E-5
3920.766,-4.05611207340173E-4
3922.695,-1.88857362438427E-4
3924.624,3.14201599251608E-4
3926.552,-3.99478382268323E-4
3928.481,-4.35802579198521E-4
3930.409,3.8364028746607E-4
3932.338,7.53795607386893E-4
3934.266,-1.72058658434351E-4
3936.195,-7.21363367694169E-4
3938.124,-6.81154555147402E-4
3940.052,-2.62682091859756E-4
3941.981,6.49249690827942E-4
3943.909,2.84251900132302E-4
3945.838,-1.77109436970509E-4
3947.766,3.4962139335068E-4
3949.695,2.02344540594202E-4
3951.623,-4.52608165871213E-4
3953.552,-7.34702165724423E-4
3955.48,-5.59754275693158E-4
3957.409,-4.18089470816146E-4
3959.338,-2.75965604966574E-4
3961.266,-2.65693414513865E-4
3963.195,-7.13030794534852E-4
3965.123,-9.86533006673562E-4
3967.052,-8.0763591175174E-4
3968.98,-5.69211617586621E-4
3970.909,-4.32218896703746E-4
3972.838,-4.34542027969187E-4
3974.766,-3.86187616546472E-4
3976.695,-4.72204379177868E-4
3978.623,-5.46482630535051E-4
3980.552,-4.02276329859336E-4
3982.48,-2.36170979013378E-4
3984.409,-1.91097828439577E-4
3986.337,-1.9613125950417E-4
3988.266,-1.56314615849431E-4
3990.195,-5.55506180016591E-5
3992.123,-8.96893013822837E-5
3994.052,-1.75546956466253E-5
3995.98,8.51493315863527E-6
3997.909,-2.1294785614869E-5
3999.837,0
