399.2123,0.003646054918362
401.1409,0.00243206295381122
403.0695,0.00277722098926045
404.998,0.00538069164847638
406.9266,0.00502655968392561
408.8552,0.00314802771937483
410.7837,0.00116162437859076
412.7123,5.90990414039989E-4
414.6408,1.85930073255915E-4
416.5694,-0.00139259789129486
418.498,-0.00171434085584563
420.4265,-5.54683196629703E-4
422.3551,-8.27705161180483E-4
424.2837,-7.66255125731254E-4
426.2122,-0.00117249146651532
428.1408,-0.0012236794310661
430.0693,-9.09454771850172E-4
431.9979,-9.40141736400943E-4
433.9265,-8.09435700951715E-4
435.855,-3.27301041735789E-4
437.7836,-7.66539006286561E-4
439.7121,-9.09745347070636E-4
441.6407,-2.66400311621408E-4
443.5693,5.14271723827812E-4
445.4978,6.34259383043743E-4
447.4264,1.2384041849297E-4
449.3549,-4.12447922291105E-4
451.2835,-1.65019886841876E-4
453.2121,4.30411486073527E-5
455.1406,3.10270807823278E-4
457.0692,5.22709843272507E-4
458.9978,9.51361878721735E-4
460.9263,0.00142076353793766
462.8549,0.00129208057338688
464.7834,8.47748232602808E-4
466.712,4.90204268052038E-4
468.6406,-8.4042696498734E-5
470.5691,-6.07003728280917E-6
472.4977,5.3054099816642E-4
474.4263,6.67394033615649E-4
476.3548,5.35123692831573E-4
478.2834,5.67703278760765E-4
480.2119,3.76119529411764E-4
482.1405,5.2919916498631E-4
484.0691,5.47804800560863E-4
485.9976,3.51592051211859E-4
487.9262,-3.62173132135942E-5
489.8548,-1.12954677639047E-4
491.7833,2.12412573011952E-4
493.7119,6.78463208586498E-4
495.6404,7.26656459237497E-4
497.569,7.74588094812044E-4
499.4976,0.00106522773038659
501.4261,0.00154576598103759
503.3547,0.00152321561661214
505.2832,0.00117347386726313
507.2118,0.00135325150283768
509.1404,0.00192592413841223
511.0689,0.00245392538906323
512.9975,0.00292904402463778
514.9261,0.00293254166021232
516.8546,0.00221924991086332
518.7832,0.00138846654643787
520.7117,7.67525797088865E-4
522.6403,5.27374432663415E-4
524.5688,5.98266683314414E-4
526.4974,6.36855318888964E-4
528.426,0.00111742195446351
530.3546,0.00257646559003806
532.2831,0.00469879984068906
534.2117,0.00697458147626361
536.1403,0.00853176511183815
538.0688,0.00842847336248915
539.9974,0.0069137969980637
541.9259,0.00524870524871469
543.8545,0.00456941488428924
545.783,0.00527877713494024
547.7116,0.00726356077051479
549.6402,0.00980169440608934
551.5687,0.0112409626567403
553.4973,0.00970045629231488
555.4258,0.00595440454296588
557.3544,0.00255824717854043
559.283,8.67627814114975E-4
561.2115,5.28335064765974E-4
563.1401,0.00114773370034052
565.0687,0.00302062133591507
566.9973,0.00604336029836225
568.9258,0.00815646116101832
570.8544,0.0109610851370196
572.7829,0.0162619159996757
574.7115,0.017603719975677
576.64,0.0132527608383331
578.5686,0.00959256481433436
580.4972,0.00655545879033566
582.4257,0.00436443965299173
584.3543,0.00389930862899303
586.2828,0.0028910064916491
588.2114,0.0016731864676504
590.14,0.00167609244365169
592.0685,0.00245717530630777
593.9971,0.00402181828230907
595.9257,0.00724091125831036
597.8542,0.00862753212096644
599.7828,0.00640467609696773
601.7114,0.00577780007296903
603.6399,0.0076966709356251
605.5685,0.0068466349116264
607.497,0.00338859977428247
609.4256,0.00198417575028377
611.3541,0.00293475861293984
613.2827,0.00650692458894114
615.2113,0.0136790585649424
617.1398,0.0167709594275985
619.0684,0.0108128134035998
620.9969,0.00557607426625588
622.9255,0.00343962524225718
624.8541,0.00276117421825847
626.7827,0.00257765519425977
628.7112,0.00241607505691584
630.6398,0.00160047103291714
632.5684,0.00106574400891844
634.4969,0.00102769687157451
636.4255,9.08287847575808E-4
638.354,4.44614933490423E-4
640.2826,2.51099605569048E-4
642.2111,3.49326015661148E-4
644.1397,0.00101930768773977
646.0682,0.00240211409783187
647.9968,0.00438710976991049
649.9254,0.00674276244198911
651.8539,0.00818214485208121
653.7825,0.00734055152415983
655.7111,0.00555680819623845
657.6396,0.00423467060633055
659.5682,0.00368475027840917
661.4968,0.0036629179504878
663.4254,0.00411986762256641
665.3539,0.00463635303265851
667.2825,0.00507516970473714
669.211,0.00617726211482924
671.1396,0.00734361878690786
673.0681,0.00773161119699996
674.9967,0.00697846786907858
676.9252,0.00952217027917068
678.8538,0.0198241569512493
680.7824,0.0404130036233279
682.7109,0.07191174603342
684.6395,0.0966527027054986
686.5681,0.0927397393775772
688.4966,0.0741177017876694
690.4252,0.060980668459748
692.3538,0.0596915251318266
694.2823,0.0612243475419187
696.2109,0.0589639242139973
698.1395,0.0506815908860759
700.068,0.0374035332961681
701.9966,0.0260689599682467
703.9251,0.0194625323783388
705.8537,0.0148687190504174
707.7822,0.0109643514605095
709.7108,0.00860835813258811
711.6393,0.00685424054268021
713.5679,0.00515149721475883
715.4965,0.00412092388683746
717.425,0.00392810629692956
719.3536,0.00378051296900818
823.496,0.0226971980215233
825.4245,0.0196197104316154
827.3531,0.016212887103694
829.2817,0.0127337237757726
831.2102,0.0100286461858647
833.1388,0.00857762285794336
835.0673,0.00769032526803546
836.9959,0.00547917194011409
838.9244,0.00309857435020618
840.853,0.0017737910222848
842.7816,0.00186494769436342
844.7101,0.00298970387060159
846.6387,0.00597594517593643
848.5673,0.0109224864812713
850.4958,0.01828033415437
852.4244,0.0286829954597049
854.353,0.0352232767650397
856.2815,0.0315386644381385
858.2101,0.0226911757434733
860.1387,0.0176030370488082
862.0672,0.0190256847219069
863.9958,0.0237017160272418
865.9243,0.0264011337003405
867.8529,0.0262344950056754
869.7814,0.0233757626787741
871.71,0.018586023984109
873.6385,0.0137470216572077
875.5671,0.0112198229625426
877.4957,0.0113711942678774
879.4243,0.0131865855732123
881.3528,0.015701103246311
883.2814,0.0166519945516459
885.21,0.0135872158569807
887.1385,0.00846444353007946
889.0671,0.0046505048354143
890.9956,0.00294218250851305
892.9242,0.0023693438138479
894.8528,0.00174162511918274
896.7813,7.31892792281497E-4
898.7099,1.52264097616348E-4
900.6384,4.25001770715099E-4
902.567,0.00128882307604994
904.4955,0.0025994307491487
906.4241,0.00510587019691062
908.3527,0.0102682943769432
910.2813,0.0200955185569758
912.2098,0.0338466080432315
914.1384,0.0432999922232641
916.067,0.0418228764032967
917.9955,0.0399635958895524
919.9241,0.047819330069585
921.8526,0.0630042295558407
923.7812,0.0805805337358733
925.7097,0.077843743222129
927.6383,0.0458749474021616
929.5669,0.0186506615821941
931.4954,0.00706155106844988
933.424,0.00266125524848245
935.3525,9.28744734738195E-4
937.2811,0.00186838891477076
939.2097,0.00523437309480333
941.1382,0.00893054258105907
943.0668,0.00890229676109164
944.9954,0.00537042094112421
946.924,0.00214152512115679
948.8525,0.00125193460741252
950.7811,0.00257092878744509
952.7096,0.00585585827370083
954.6382,0.0086276424537334
956.5667,0.00774427193998914
958.4953,0.00450947612002171
960.4239,0.00216996030005428
962.3524,0.00107055978631002
964.281,7.65963966342587E-4
966.2095,6.7068937838018E-4
968.1381,8.98351398143819E-4
970.0667,0.00120034341790745
971.9952,0.00156473800160246
973.9238,0.00186548002136609
975.8524,0.00268346204112973
977.7809,0.00409001662482473
979.7095,0.00662357864458837
981.6381,0.010057640664352
983.5666,0.013862785248047
985.4952,0.0180131472678106
987.4237,0.0230169818515056
989.3523,0.0272122938712693
991.2808,0.0295740384549643
993.2094,0.0308044504747279
995.138,0.0342146024944916
997.0665,0.0447071570781866
998.9951,0.0651582090979502
1000.924,0.0845371734259197
1002.852,0.0901988408292716
1004.781,0.0931333825933097
1006.709,0.103987949996662
1008.638,0.1124422917607
1010.566,0.107146859164052
1012.495,0.0950371009280897
1014.424,0.0853359426921279
1016.352,0.0787043100954797
1018.281,0.0746492718595179
1020.209,0.0736258292628697
1022.138,0.0748674610269079
1024.066,0.0766440184302597
1025.995,0.0796843501942979
1027.924,0.0864302119583361
1029.852,0.0899415793616879
1031.781,0.0805384811257261
1033.709,0.0666081985290779
1035.638,0.0585798202931161
1037.566,0.0557981476964679
1039.495,0.0547107394605061
1041.423,0.0535612768638579
1043.352,0.0523783786278961
1045.281,0.0522120403919343
1047.209,0.0537396977952861
1049.138,0.0577266895593243
1051.066,0.0653140569626761
1052.995,0.0782053287267143
1054.923,0.0987850761300661
1056.852,0.128321917894104
1058.781,0.161445359658142
1060.709,0.185474427061494
1062.638,0.199376268825532
1064.566,0.212995636228884
1066.495,0.215431677992922
1068.423,0.190265945396274
1070.352,0.157502787160312
1072.28,0.133319154563664
1074.209,0.113758296327702
1076.138,0.0973815380917407
1078.066,0.0852365054950925
1079.995,0.0778345272591306
1081.923,0.0738309146624825
1083.852,0.0721485564265207
1085.78,0.0724150738298725
1087.709,0.0742603255939107
1089.637,0.0770354029972625
1091.566,0.0806792747613007
1093.495,0.0858133165253389
1095.423,0.0921068839286907
1097.352,0.0971452256927288
1099.28,0.101739593096081
1101.209,0.109927234860119
1103.137,0.124305702263471
1105.066,0.145329044027509
1106.995,0.170488785791547
1108.923,0.192850753194899
1110.852,0.204978394958937
1112.78,0.206101062362289
1114.709,0.196054504126327
1116.637,0.172281471529679
1118.566,0.139744413293717
1120.495,0.108280755057755
1122.423,0.082424222461107
1124.352,0.0631877842251452
1126.28,0.050094821628497
1128.209,0.0417505233925352
1130.137,0.036747370795887
1132.066,0.0336396125599252
1133.994,0.031708919963277
1135.923,0.0307354317273152
1137.852,0.0306792134913534
1139.78,0.0317195008947052
1141.709,0.0352743826587434
1143.637,0.0423239200620952
1145.566,0.0513943518261334
1147.494,0.0582313392294852
1149.423,0.0586496009935234
1151.351,0.0517452783968752
1153.28,0.0420091701609134
1155.209,0.0351147519249516
1157.137,0.0332742793283034
1159.066,0.0352814410923416
1160.994,0.0388485984956934
1162.923,0.0423119402597316
1164.851,0.0438514876630834
1166.78,0.0407374394271216
1168.708,0.0335038768304734
1170.637,0.0258313985945116
1172.566,0.0204737703585498
1174.494,0.0172393477619016
1176.423,0.0155268195259398
1178.351,0.0159918369292916
1180.28,0.0212844586933298
1182.208,0.0322692060966816
1184.137,0.0425515178607198
1186.066,0.043796719624758
1187.994,0.0403202670281098
1189.923,0.040294888792148
1191.851,0.0446067461954998
1193.78,0.0497953279595379
1195.708,0.0501415353628898
1197.637,0.042120067126928
1199.566,0.0300261688909662
1201.494,0.0206160762943179
1203.423,0.0165332580583561
1205.351,0.0171657154617079
1207.28,0.0215757372257461
1209.208,0.027280534629098
1211.137,0.0301730663931361
1213.065,0.0266112037964879
1214.994,0.0187832155605261
1216.923,0.0112499973245643
1218.851,0.00605210472791614
1220.78,0.00301877649195433
1222.708,0.00187321389530614
1224.637,0.00146290565934433
1226.565,0.00144586306269614
1228.494,0.00157387482673433
1230.422,0.00162929223008614
1232.351,0.0010449748460701
1234.28,1.78746397646461E-4
1236.208,-6.33873399430142E-4
1238.137,-7.21911847853783E-4
1240.065,-1.69031644930387E-4
1241.994,8.03309906645979E-4
1243.922,0.00151352010956937
1245.851,0.00241931166114573
1247.78,0.0041478832127221
1249.708,0.00774963341564549
1251.637,0.0132637649672219
1253.565,0.0213277751701452
1255.494,0.0333954867217216
1257.422,0.051036966924645
1259.351,0.0709985084762214
1261.28,0.0819593000277977
1263.208,0.0725620202307211
1265.137,0.0545807517822975
1267.065,0.0427993119852209
1268.994,0.0382601535367972
1270.922,0.0391317537397206
1272.851,0.044514065291297
1274.779,0.0515174754942204
1276.708,0.0560146270457968
1278.637,0.0568654285973731
1280.565,0.0568129788002965
1282.494,0.0566419903518729
1284.422,0.0537595205547963
1286.351,0.0466379821063726
1288.279,0.037585762309296
1290.208,0.0295307038608724
1292.136,0.0236801540637958
1294.065,0.0203191756153721
1295.994,0.0196609171669485
1297.922,0.0212808073698719
1299.851,0.0247341489214483
1301.779,0.0299559291243717
1303.708,0.037302350675948
1305.636,0.0447293908788714
1307.565,0.0497776224304478
1309.494,0.0551421839820241
1311.422,0.0650982241849475
1313.351,0.0741555157365239
1315.279,0.0709405559394473
1317.208,0.0574666974910236
1319.136,0.0438395176939471
1321.065,0.0343347592455234
1322.994,0.0285733207970998
1324.922,0.0256070610000232
1326.851,0.0253370925515995
1328.779,0.0265518227545229
1330.708,0.0285623743060993
1332.636,0.0323813745090227
1334.565,0.037966576060599
1336.493,0.0409360762635224
1338.422,0.0387674078150988
1340.351,0.0301909993666752
1342.279,0.0196058995695986
1344.208,0.0116578711211749
1346.136,0.00675614132409831
1348.065,0.00375967287567467
1349.993,0.00196616307859807
1351.922,7.96414630174429E-4
1353.85,3.48294833097819E-4
1355.779,3.70166384674187E-4
1357.708,0.00115024793625055
1359.636,0.00265637592209809
1361.565,0.00540970603022881
1363.493,0.00844055602425475
1365.422,0.0108825261323854
1367.35,0.0134829461264114
1369.279,0.0175179262345421
1371.208,0.0231054263426728
1373.136,0.0308768563366987
1375.065,0.0421816164448294
1376.993,0.0564052364388554
1378.922,0.0664665465469861
1380.85,0.058459306541012
1382.779,0.0397344766491427
1384.708,0.0248596067572734
1386.636,0.0154124067512994
1388.565,0.00909787685943007
1390.493,0.00540475685345599
1392.422,0.00351098696158671
1394.35,0.00214246695561263
1396.279,0.00122406706374335
1398.207,4.16697057769259E-4
1400.136,-3.18212834100017E-4
1402.065,-0.00109727272596932
1403.993,-0.00114866273194338
1405.922,-0.00131375262381268
1407.85,-0.00105555262978672
1409.779,-8.87615164585697E-4
1411.707,-5.3321828164476E-4
1413.636,-5.61863895133826E-4
1415.564,-2.90527012192888E-4
1417.493,-1.65042625681958E-4
1419.422,7.11717608289711E-5
1421.35,-3.11301356230085E-4
1423.279,3.02803030280841E-4
1425.207,9.68499913221784E-4
1427.136,0.00241999429973271
1429.064,0.00447097118267365
1430.993,0.00763852556918458
1432.922,0.0104655199556955
1434.85,0.0134301568386365
1436.779,0.0159577712251474
1438.707,0.0186747681080883
1440.636,0.0222677624945992
1442.564,0.0317886493775402
1444.493,0.0560018237640511
1446.422,0.0867400081505621
1448.35,0.077590035033503
1450.279,0.0564039294200139
1452.207,0.0562652263029549
1454.136,0.0660314806894658
1456.064,0.0745316675724067
1457.993,0.0704128119589177
1459.921,0.0599389088418586
1461.85,0.0543715632283695
1463.779,0.0533931076148805
1465.707,0.0573247444978214
1467.636,0.0631840988843323
1469.564,0.0740621657672733
1471.493,0.102692900153784
1473.421,0.178231727036725
1475.35,0.257948331423236
1477.278,0.292428958306177
1479.207,0.237077762692688
1481.136,0.145428467079199
1483.064,0.0823462139621398
1484.993,0.0655946883486507
1486.921,0.0737541952315917
1488.85,0.0711478896181026
1490.778,0.0558007065010435
1492.707,0.0527807608875545
1494.635,0.0640396477704954
1496.564,0.0869823921570063
1498.493,0.105867796543517
1500.421,0.106980723426458
1502.35,0.0966361278129691
1504.278,0.0839151546959101
1506.207,0.062508949082421
1508.135,0.0366774259653619
1510.064,0.0259040803518729
1511.993,0.0190208947383838
1513.921,0.0166422016213247
1515.85,0.0177098260078357
1517.778,0.0228228728907766
1519.707,0.0276637872772875
1521.635,0.0327688241602285
1523.564,0.0308781185467394
1525.493,0.0251251029332503
1527.421,0.0172546498161913
1529.35,0.0119656842027022
1531.278,0.00892963108564315
1533.207,0.00804383547215408
1535.135,0.00718345235509502
1537.064,0.00773384674160594
1538.992,0.00861569362454689
1540.921,0.0103539380110578
1542.85,0.0100755623975687
1544.778,0.0110632592805097
1546.707,0.0133375836670206
1548.635,0.0200956205499616
1550.564,0.0316757149364725
1552.492,0.0447841318194134
1554.421,0.0562784462059244
1556.349,0.0611954230888653
1558.278,0.0518530074753762
1560.207,0.0341578218618872
1562.135,0.0237561087448281
1564.064,0.015344383131339
1565.992,0.00783146001427996
1567.921,0.00456722440079089
1569.849,0.00251163128373183
1571.778,0.00205692700340522
1573.707,0.00319196637911464
1575.635,0.0107868285130534
1577.564,0.0227145678887628
1579.492,0.0217186300227015
1581.421,0.0129226293984109
1583.349,0.0103040515323496
1585.278,0.014157880908059
1587.207,0.0211862302837685
1589.135,0.0281942224177071
1591.064,0.0318176517934166
1592.992,0.0303047339273553
1594.921,0.0270445833030647
1596.849,0.0253623054370034
1598.778,0.0269434248127128
1600.706,0.0295744269466515
1602.635,0.029957606322361
1604.564,0.0259101156980704
1606.492,0.0196872978320091
1608.421,0.0133776772077185
1610.349,0.00823415934165721
1612.278,0.00430901871736663
1614.206,0.00213221085130534
1616.135,0.00116980022701475
1618.063,8.08052360953469E-4
1619.992,0.00110607173666288
1621.921,0.00268860111237231
1623.849,0.00535140324631101
1625.778,0.00792980262202043
1627.706,0.0104736847559591
1629.635,0.0122960941316686
1631.563,0.0126039262656073
1633.492,0.0121965056413167
1635.421,0.0101011250170261
1637.349,0.00693511715096481
1639.278,0.00461251652667424
1641.206,0.00313771866061294
1643.135,0.00225146803632236
1645.063,0.00213485017026107
1646.992,0.00178859954597049
1648.92,9.07121679909195E-4
1650.849,5.94891055618614E-4
1652.778,0.00136006043132804
1654.706,0.00120167493378736
1656.635,0.00108434685206205
1658.563,0.00148914702232313
1660.492,0.00257562894059782
1662.42,0.00400551911085888
1664.349,0.00507090102913358
1666.277,0.00571428119939463
1668.206,0.00642255311766933
1670.135,0.00633133503594402
1672.063,0.00560480520620509
1673.992,0.00495182712447977
1675.92,0.00440147729474084
1677.849,0.00425774921301553
1679.777,0.00481388938327659
1681.706,0.00555417130155128
1683.635,0.00683058321982596
1685.563,0.00749637339008704
1687.492,0.00830624530836171
1689.42,0.00982272547862279
1691.349,0.0117783473968975
1693.277,0.0140514475671585
1695.206,0.0179094994854332
1697.135,0.0225451414037079
1699.063,0.026738631573969
1700.992,0.0355100134922437
1702.92,0.0425903936625047
1704.849,0.0530498855807794
1706.777,0.0674287457510405
1708.706,0.0803503176693152
1710.634,0.0920792678395762
1712.563,0.104952779757851
1714.492,0.121352491676126
1716.42,0.144435141846387
1718.349,0.177017553764661
1720.277,0.206979003934922
1722.206,0.227086515853197
1724.134,0.229987166023458
1726.063,0.201778377941733
1727.991,0.158838628111994
1729.92,0.113897640030269
1731.849,0.0837862519485433
1733.777,0.0608291021188044
1735.706,0.0450327340370791
1737.634,0.0392460142073402
1739.563,0.0348198361256148
1741.491,0.0308798062958759
1743.42,0.0273163182141506
1745.349,0.0233386201324253
1747.277,0.0204103403026863
1749.206,0.018099062220961
1751.134,0.0160720023912221
1753.063,0.0138480643094968
1754.991,0.0122154744797579
1756.92,0.0104753563980325
1758.849,0.00881443831630724
1760.777,0.0075587384865683
1762.706,0.00585792040484299
1764.634,0.00412073057510405
1766.563,0.00292804249337875
1768.491,0.00193425266363981
1770.42,0.0013701745819145
1772.348,0.00104565475217556
1774.277,8.07236670450252E-4
1776.206,8.01866588724932E-4
1778.134,6.87516758986005E-4
1780.063,9.85646807415808E-4
1781.991,0.00154789085508896
1783.92,0.00268135419220581
1785.848,0.00431520223987896
1787.777,0.00603478557699586
1789.705,0.00816181362466897
1791.634,0.0104342369617859
1793.563,0.0116830902989028
1795.491,0.0113784883465759
1797.42,0.00977233168369279
1799.348,0.00721622973136588
1801.277,0.0045731130684828
1803.205,0.00250218711615588
1805.134,0.00111868645327281
1807.063,4.20565790389701E-4
1808.991,3.55178380628167E-5
1810.92,-1.55345824820291E-4
1812.848,-4.22999777147176E-4
1814.777,-4.52491440030285E-4
1816.705,-2.2315439235717E-4
1818.634,5.3302944759723E-5
1820.563,2.57256281876649E-4
1822.491,6.4994132954973E-4
1824.42,0.00104680766666666
1826.348,9.76975067008675E-4
1828.277,7.57844303539241E-4
1830.205,3.99159849433966E-4
1832.134,-2.56192914035468E-4
1834.062,-5.42564368140742E-4
1835.991,-6.45532131610177E-4
1837.92,-6.72049895079611E-4
1839.848,-8.06682349184886E-4
1841.777,-7.4332411265432E-4
1843.705,-6.44973566759594E-4
1845.634,-7.74698330229028E-4
1847.562,-9.42479784334303E-4
1849.491,-0.00104021284780374
1851.419,-0.00109686040190901
1853.348,-0.00103842376537845
1855.277,-0.00103954762884788
1857.205,-9.61895782953154E-4
1859.134,-9.69130646422588E-4
1861.062,-9.21226500527863E-4
1862.991,-8.90742663997297E-4
1864.919,-6.53218418102568E-4
1866.848,-2.03101181572005E-4
1868.776,2.88640364322723E-4
1870.705,3.27706600853289E-4
1872.634,5.02694837383854E-4
1874.562,8.2123938327858E-4
1876.491,0.00112539261980915
1878.419,0.00110845716570387
1880.348,8.55702402234438E-4
1882.276,5.45598948129163E-4
1884.205,4.02190184659729E-4
1886.134,3.13414421190292E-4
1888.062,5.6303696708502E-4
1889.991,8.89484203615583E-4
1891.919,0.00115305674951031
1893.848,0.00147561998604087
1895.776,0.0016522535319356
1897.705,0.00142718976846617
1899.634,9.38368004996732E-4
1901.562,3.54807550891457E-4
1903.491,-6.0930212577977E-5
1905.419,-2.77483666683251E-4
1907.348,-2.64634430152686E-4
1909.276,-2.69000884257957E-4
1911.205,-3.68530547727392E-4
1913.133,-4.72685401832666E-4
1915.062,-4.384527653021E-4
1916.991,-2.87382028771537E-4
1918.919,-2.03873082876809E-4
1920.848,-1.54056846346245E-4
1922.776,1.97956995484829E-5
1924.705,-1.79880639209539E-5
1926.633,6.21924819737745E-5
1928.562,1.18067718504338E-4
1930.49,1.52801264399066E-4
1932.419,1.31523500929629E-4
1934.348,1.64273737460194E-4
1936.276,2.25689283354921E-4
1938.205,4.46003519885486E-4
1940.133,8.41883065780212E-4
1942.062,0.00161004830231078
1943.99,0.0022870148482055
1945.919,0.00288174808473607
1947.848,0.00303037632126663
1949.776,0.00256644086716136
1951.705,0.00167737510369193
1953.633,9.57624649586654E-4
1955.562,5.9392888611722E-4
1957.49,6.14606432011946E-4
1959.419,8.60869668542511E-4
1961.348,0.00135233790507308
1963.276,0.0019828554509678
1965.205,0.00274604868749837
1967.133,0.00320190723339309
1969.062,0.00294856546992366
1970.99,0.00211737301581839
1972.919,0.00119794225234895
1974.847,5.34273798243677E-4
1976.776,2.39467934774243E-4
1978.705,5.89907713048082E-5
1980.633,-8.12338280046588E-6
1982.562,-5.23217462699001E-5
1984.49,-6.39511003751745E-5
1986.419,-1.53069163844609E-4
1988.347,-1.97048517949883E-4
1990.276,-1.89920181419318E-4
1992.204,-1.54090635524589E-4
1994.133,-2.97820798994023E-4
1996.062,-3.67403542463463E-4
1997.99,-4.16272166568732E-4
1999.919,-3.72060390038169E-4
2001.847,-3.52906664143441E-4
2003.776,-2.9646707761288E-4
2005.704,-3.12633711718149E-4
2007.633,-2.88665125187589E-4
2009.562,-2.80102898657023E-4
2011.49,-2.23177782762292E-4
2013.419,-1.80023706231731E-4
2015.347,-6.64891503370007E-5
2017.276,1.86168619356023E-6
2019.204,-2.45236791170908E-6
2021.133,-6.89257613811482E-5
2023.062,-5.7681504850583E-5
2024.99,-6.28500889558571E-5
2026.919,4.82699757470852E-6
2028.847,1.32766934694344E-5
2030.776,0
2032.704,-4.58916369965302E-5
2034.633,-4.3080068856647E-5
2036.561,-1.02320295853177E-4
2038.49,-9.72899577132947E-5
2040.419,-5.68076845734114E-5
2042.347,-1.45536569941635E-7
2044.276,1.76138215699408E-5
2046.204,4.45916345734114E-5
2048.133,-1.77493972867053E-5
2050.061,-8.47186519832347E-5
2051.99,-8.92624951433523E-5
2053.918,-5.35804313988328E-6
2055.847,2.53292850000008E-5
2057.776,7.84939531398832E-5
2059.704,9.11258761433523E-5
2061.633,7.49806442832347E-5
2063.561,2.84096672867053E-5
2065.49,1.49171354265878E-5
2067.418,-2.60152415699416E-5
2069.347,2.23083265699408E-5
2071.276,4.16653947098233E-5
2073.204,6.94148177132939E-5
2075.133,6.13910858531764E-5
2077.061,3.96794088566469E-5
2078.99,-8.85232300347065E-6
2080.918,0
2082.847,-1.45083611650678E-5
2084.775,-2.98456323036117E-5
2086.704,-7.57399934686795E-5
2088.633,-1.01347724633747E-4
2090.561,-1.22447605772291E-4
2092.49,-9.1351506937359E-5
2094.418,-7.77202580759028E-5
2096.347,-4.36052192409707E-5
2098.275,-3.74966903795145E-5
2100.204,7.12914845541764E-6
2102.133,-2.14171270965051E-6
2104.061,-4.4558383848194E-5
2105.99,-7.72927850132622E-5
2107.918,-4.62613161518057E-5
2109.847,-6.16621773168739E-5
2111.775,-3.57341484554174E-5
2113.704,-2.53492096204855E-5
2115.633,-3.76020707855533E-5
2117.561,-9.93016419240972E-5
2119.49,-1.22189293089165E-4
2121.418,-1.42756804227709E-4
2123.347,-1.04837125392777E-4
2125.275,-5.73372065313205E-5
2127.204,-1.72561676963884E-5
2129.132,-2.21516388349322E-5
2131.061,0
2132.99,-3.84149888459013E-5
2134.918,-6.26021676923992E-5
2136.847,-1.15796436538301E-4
2138.775,-1.07371635384802E-4
2140.704,-8.88113242306997E-5
2142.632,-8.66481030772013E-5
2144.561,-1.72391591923103E-4
2146.49,-2.43278650769E-4
2148.418,-2.83004639615502E-4
2150.347,-2.28595488461403E-4
2152.275,-2.06847527307901E-4
2154.204,-1.21359516153802E-4
2156.132,-2.14156950003001E-5
2158.061,1.22185161537986E-5
2159.989,-1.02823626926994E-5
2161.918,5.63589484613993E-5
2163.846,1.47508269614902E-4
2165.775,3.13283780769E-4
2167.704,4.60972091923099E-4
2169.632,5.77043013076601E-4
2171.561,5.333338242307E-4
2173.489,3.75939345384202E-4
2175.418,1.84896456538301E-4
2177.346,8.65979776918026E-5
2179.275,2.12842888459013E-5
2181.204,0
2183.132,-1.31205665111149E-6
2185.061,1.68894419069841E-5
2186.989,2.30422852558726E-5
2188.918,7.51850838139682E-5
2190.846,1.13223627162857E-4
2192.775,1.58138625720952E-4
2194.704,1.70932824279045E-4
2196.632,1.87703367627936E-4
2198.561,1.20728766186029E-4
2200.489,4.45406095349204E-5
2202.418,-1.62021919069867E-5
2204.346,-3.29318485580956E-5
2206.275,-6.54105000000261E-6
2208.203,6.63135933488886E-5
2210.132,9.73843919069841E-5
2212.061,1.14490290465077E-4
2213.989,6.43547338139681E-5
2215.918,6.11283323720611E-5
2217.846,4.97049757209522E-5
2219.775,5.62300742790452E-5
2221.703,4.42774176279389E-5
2223.632,7.04685161860293E-5
2225.561,3.56077147441248E-5
2227.489,1.52358580930159E-5
2229.418,7.27225665111145E-6
2231.346,0
2233.275,-3.11689146979644E-5
2235.203,-8.52039465528565E-6
2237.132,-2.31122093532501E-5
2239.06,-2.88440893105713E-5
2240.989,-4.15460040085358E-5
2242.917,-2.2972383965857E-5
2244.846,2.19580133617859E-6
2246.775,8.88937866382142E-5
2248.703,1.55782306680893E-4
2250.632,1.96398791982929E-4
2252.56,1.94389112025607E-4
2254.489,2.16795397327643E-4
2256.417,1.62390917370322E-4
2258.346,1.11699002672357E-4
2260.275,6.12093879743929E-5
2262.203,4.98754080170715E-5
2264.132,5.12076933191071E-5
2266.06,-3.12148663821413E-6
2267.989,-8.20658013361786E-5
2269.917,-1.182429812935E-4
2271.846,-1.72268795991464E-4
2273.774,-1.58331875948786E-4
2275.703,-1.2429989064675E-4
2277.632,-8.33957053447145E-5
2279.56,-4.95111853020357E-5
2281.489,0
2283.417,4.87221591839126E-5
2285.346,9.95188155977019E-5
2287.274,1.61418574781614E-4
2289.203,2.33550831195404E-4
2291.132,2.91884687609193E-4
2293.06,3.62977146793105E-4
2294.989,4.23503703206895E-4
2296.917,4.80370662390807E-4
2298.846,5.21635018804597E-4
2300.774,6.11733577988509E-4
2302.703,7.09605234402298E-4
2304.632,8.75960890816067E-4
2306.56,9.7514725E-4
2308.489,0.00101037080641377
2310.417,0.00108173256559772
2312.346,0.00125979872201149
2314.274,0.00141428208119543
2316.203,0.00161653493760919
2318.131,0.00188406069679313
2320.06,0.00213991665320689
2321.989,0.00204340550962068
2323.917,0.0016587248688046
2325.846,0.00124244942521839
2327.774,9.87418884402299E-4
2329.703,6.39140740816088E-4
2331.631,0
2333.56,-0.00158122350429771
2335.489,-0.00287511400859543
2337.417,-0.00245358177546218
2339.346,-0.00104092127975989
2341.274,-1.06950046626649E-4
2343.203,4.71066049075638E-4
2345.131,8.86771002208883E-4
2347.06,0.00122723617791117
2348.989,0.00120325987361346
2350.917,9.71014106746702E-4
2352.845,6.36104539879948E-4
2354.774,2.81541325582234E-4
2356.703,-1.3303986871548E-4
2358.631,-2.64848535582234E-4
2360.56,-3.25110939879948E-4
2362.488,-3.61237806746702E-4
2364.417,-4.60527211044416E-4
2366.345,-4.9349267791117E-4
2368.274,-4.78169802208883E-4
2370.203,-2.92147486506597E-4
2372.131,-1.62786653373351E-4
2374.06,-9.45112576710647E-5
2375.988,-1.89995245378188E-5
2377.917,3.26560711644674E-5
2379.845,3.04475042977133E-5
2381.774,0
2383.703,4.934707739864E-5
2385.631,1.76240426400495E-4
2387.56,3.14941503799135E-4
2389.488,4.56283852800989E-4
2391.417,4.97636930199629E-4
2393.345,4.79484279201483E-4
2395.274,4.48560356600123E-4
2397.202,4.77640705601978E-4
2399.131,4.93581783000618E-4
2401.06,5.10854860399258E-4
2402.988,5.22774209401112E-4
2404.917,5.11406286799752E-4
2406.845,4.94118635801607E-4
2408.774,5.26727713200247E-4
2410.702,5.53619062202102E-4
2412.631,6.18842139600741E-4
2414.56,6.14459216999382E-4
2416.488,5.80331566001236E-4
2418.417,4.59444643399876E-4
2420.345,3.10591992401731E-4
2422.274,1.86221069800371E-4
2424.202,1.06951418802225E-4
2426.131,7.15624962008654E-5
2428.06,8.79865735995053E-5
2429.988,3.73459226013599E-5
2431.917,0
2433.845,-2.47396323640858E-5
2435.774,-1.4259376052012E-5
2437.702,-3.18550084160978E-5
2439.631,-2.37677521040241E-5
2441.559,-2.86363844681098E-5
2443.488,-5.34461281560365E-5
2445.417,-8.67938718439629E-5
2447.345,-7.59135042080487E-5
2449.274,-3.48622478959751E-5
2451.202,4.63461197399394E-5
2453.131,7.40483760520126E-5
2455.059,1.41550743687927E-4
2456.988,2.04473000000001E-4
2458.917,2.03592256312074E-4
2460.845,2.19473623947989E-4
2462.774,2.88563880260062E-4
2464.702,3.74369247895976E-4
2466.631,4.7862550420805E-4
2468.559,4.94022871843965E-4
2470.488,4.81599128156038E-4
2472.417,4.17668384468111E-4
2474.345,3.12432752104026E-4
2476.273,1.93985119739939E-4
2478.202,1.27895376052012E-4
2480.131,6.36096323640859E-5
2482.059,0
2483.988,-6.10048780088951E-5
2485.916,-3.55807716331293E-5
2487.845,9.25535035797539E-6
2489.773,2.80044567337416E-5
2491.702,6.22057872484618E-6
2493.631,5.57207007159512E-5
2495.559,9.5558807091717E-5
2497.488,8.49459290828219E-5
2499.416,3.40030354585878E-5
2501.345,6.00351574496926E-5
2503.273,3.94862638254585E-5
2505.202,2.31863858165631E-5
2507.131,-2.05454921923321E-5
2509.059,-8.60738581656608E-6
2510.988,6.88473617453884E-6
2512.916,2.65738425503047E-5
2514.845,2.01189645414094E-5
2516.773,2.58090709171753E-5
2518.702,8.11219290828007E-6
2520.63,-3.22607007159537E-5
2522.559,-5.90685787248493E-5
2524.488,-3.96844567337412E-5
2526.416,-1.22083503579784E-5
2528.345,-1.1512228366871E-5
2530.273,-3.21971219911076E-5
2532.202,0
2534.13,5.41661849148396E-5
2536.059,1.14058954987835E-4
2537.988,1.43879725060827E-4
2539.916,1.4169490997567E-4
2541.845,1.08355680048662E-4
2543.773,6.64378649635044E-5
2545.702,-5.34343649635032E-5
2547.63,-1.46534180048661E-4
2549.559,-1.87378409975669E-4
2551.488,-1.92269639902676E-4
2553.416,-1.74337454987834E-4
2555.344,-1.25433270072994E-4
2557.273,-1.14021499999999E-4
2559.202,-8.41097299270066E-5
2561.13,-8.56315450121668E-5
2563.059,-5.71447749391748E-5
2564.987,-7.84959002433179E-6
2566.916,-2.16548199513398E-5
2568.844,-1.05767635036497E-4
2570.773,-1.44294864963505E-4
2572.702,-1.63690094890512E-4
2574.63,-1.4967190997567E-4
2576.559,-1.39386139902678E-4
2578.487,-1.21438954987835E-4
2580.416,-6.86501849148427E-5
2582.344,0
2584.273,6.13211186008011E-5
2586.202,1.87428237201602E-4
2588.13,2.89466984564146E-4
2590.059,3.53810103164947E-4
2591.987,3.39929850527491E-4
2593.916,3.04019969128292E-4
2595.844,2.28638716490837E-4
2597.773,1.89568835091637E-4
2599.701,1.73290582454181E-4
2601.63,1.73161701054982E-4
2603.559,1.61607819655787E-4
2605.487,1.65650567018328E-4
2607.416,1.18951685619131E-4
2609.344,7.93574329816722E-5
2611.273,3.60265515824761E-5
2613.201,6.22502989450174E-5
2615.13,5.96564175458217E-5
2617.059,7.66495361466191E-5
2618.987,1.11876283509167E-4
2620.916,9.78564021099646E-5
2622.844,4.16001494725113E-5
2624.773,2.01852680733099E-5
2626.701,-5.91898456414305E-6
2628.63,-2.31698659633453E-5
2630.559,-2.20987473625411E-5
2632.487,0
2634.416,-5.58989331511861E-5
2636.344,-7.85138424904772E-5
2638.273,-7.24187756416636E-5
2640.201,-6.0455684980954E-5
2642.13,-2.62426181321406E-5
2644.058,-1.20775274714329E-5
2645.987,-3.04674606226192E-5
2647.916,-1.56073937738056E-5
2649.844,7.98869688690409E-6
2651.773,2.17517637357153E-5
2653.701,-1.85271456035734E-5
2655.63,-2.58230787547613E-5
2657.558,2.07340119059494E-5
2659.487,1.05189078754761E-4
2661.416,9.45611456035739E-5
2663.344,1.02868236264284E-4
2665.273,1.21639303113097E-4
2667.201,7.56163937738075E-5
2669.13,2.48924606226189E-5
2671.058,1.05355512833301E-5
2672.987,-2.20543818678577E-5
2674.916,-2.75833150190459E-5
2676.844,-2.44822435833481E-6
2678.772,1.0657866302376E-5
2680.701,-7.43606684881163E-6
2682.63,0
2684.558,-5.93661287942213E-5
2686.487,-1.35687946970602E-4
2688.415,-2.28544075764824E-4
2690.344,-3.03794893941206E-4
2692.272,-3.60959022735427E-4
2694.201,-4.19180840911809E-4
2696.13,-4.71703659088191E-4
2698.058,-4.61691787882412E-4
2699.987,-4.59562606058794E-4
2701.915,-4.85633734853016E-4
2703.844,-5.72019553029397E-4
2705.772,-5.91525681823618E-4
2707.701,-6.208535E-4
2709.63,-6.0934831817637E-4
2711.558,-5.54033446970603E-4
2713.487,-4.71238265146973E-4
2715.415,-3.99387393941206E-4
2717.344,-3.19620212117576E-4
2719.272,-3.16327340911809E-4
2721.201,-2.99834159088179E-4
2723.129,-2.98397287882412E-4
2725.058,-2.37913106058782E-4
2726.987,-1.50845924235175E-4
2728.915,-8.35270530293968E-5
2730.844,-4.15348712057783E-5
2732.772,0
2734.701,4.35659601340107E-5
2736.629,3.27568326785399E-5
2738.558,-5.67542071874491E-5
2740.487,-1.88530247053429E-4
2742.415,-3.5554437450891E-4
2744.344,-4.87354414374888E-4
2746.272,-5.9428354183037E-4
2748.201,-6.79138581696349E-4
2750.129,-7.7949470915183E-4
2752.058,-8.5591874901781E-4
2753.987,-8.54673788883793E-4
2755.915,-8.4126591633927E-4
2757.844,-8.58476956205254E-4
2759.772,-8.1622308366073E-4
2761.701,-7.76641123526714E-4
2763.629,-7.0695125098219E-4
2765.558,-6.05785290848174E-4
2767.486,-5.2014541830365E-4
2769.415,-4.45085458169635E-4
2771.344,-3.30287498035618E-4
2773.272,-1.91792625491094E-4
2775.201,-8.71066653570785E-5
2777.129,-6.74967928125546E-5
2779.058,-5.98738326785392E-5
2780.986,-5.33079601340147E-5
2782.915,0
2784.844,2.40461091526468E-6
2786.772,6.6518778797404E-5
2788.701,1.17810389712667E-4
2790.629,1.58640557594806E-4
2792.558,1.8461516851007E-4
2794.486,2.0496833639221E-4
2796.415,2.07798947307473E-4
2798.343,2.66239115189613E-4
2800.272,2.98612726104876E-4
2802.2,3.03614893987016E-4
2804.129,3.5209550490228E-4
2806.058,5.03896115817543E-4
2807.986,6.59574283699682E-4
2809.915,8.95654894614947E-4
2811.843,0.00113811806249706
2813.772,0.00139931767341235
2815.7,0.00172103174512697
2817.629,0.00214828838316315
2819.558,0.00262104502119935
2821.486,0.00321888370867148
2823.415,0.00388742334670768
2825.343,0.00463705303417981
2827.272,0.005518112672216
2829.2,0.00666658735968814
2831.129,0.00812256699772433
2833.057,0.00987269168519647
2834.986,0.0119280813232327
2836.915,0.0145093709612688
2838.843,0.017755715648741
2840.772,0.0219207952867772
2842.7,0.0271566299742493
2844.629,0.0337157996122855
2846.557,0.0417259342997576
2848.486,0.0510533739377938
2850.415,0.06088641357583
2852.343,0.0695011782633022
2854.272,0.0743160479013383
2856.2,0.0736100625888105
2858.129,0.0680643922268467
2860.057,0.0601493669143188
2861.986,0.052227366552355
2863.915,0.0459640461903912
2865.843,0.0420470208778633
2867.771,0.0404167255653355
2869.7,0.0407798952033717
2871.629,0.0425350448414078
2873.557,0.04412253952888
2875.486,0.0443009491669162
2877.414,0.0426613338543883
2879.343,0.0397026734924245
2881.271,0.0366566981798966
2883.2,0.0346787978179328
2885.129,0.034172967455969
2887.057,0.0349341421434412
2888.986,0.0365923117814773
2890.914,0.0387338764689495
2892.843,0.0410875861069857
2894.771,0.0437117507944578
2896.7,0.046488320432494
2898.629,0.0495433500705302
2900.557,0.0529638047580023
2902.486,0.0567088643960385
2904.414,0.0606781290835106
2906.343,0.0649298887215468
2908.271,0.069453553409019
2910.2,0.0745795630470552
2912.128,0.0808285977345273
2914.057,0.0885060673725635
2915.986,0.0977998370105997
2917.914,0.108770941698072
2919.843,0.120989221336108
2921.771,0.13336682602358
2923.7,0.144072605661616
2925.628,0.151147010349088
2927.557,0.153303189987125
2929.486,0.150907769625161
2931.414,0.145616974312633
2933.343,0.138999953950669
2935.271,0.130709458638141
2937.2,0.119071838276177
2939.128,0.10456024296365
2941.057,0.0905498026016858
2942.986,0.079630312239722
2944.914,0.0722936569271942
2946.843,0.0682072865652304
2948.771,0.0668244412527025
2950.7,0.0677070808907387
2952.628,0.0702402255782108
2954.557,0.073325805216247
2956.485,0.0763239099037192
2958.414,0.0786543595417553
2960.343,0.0801594491797915
2962.271,0.0807338338672637
2964.2,0.0802116835052998
2966.128,0.078419128192772
2968.057,0.0751000378308082
2969.985,0.0701366125182803
2971.914,0.0642078821563165
2973.843,0.0580807017943527
2975.771,0.0519933664818248
2977.7,0.045880196119861
2979.628,0.0395548708073332
2981.557,0.0330157504453693
2983.485,0.0267711651328415
2985.414,0.0212224147708777
2987.343,0.0165886044089138
2989.271,0.012768969096386
2991.199,0.00980074378385814
2993.128,0.00751283342189432
2995.057,0.0057912230599305
2996.985,0.00453436774740265
2998.914,0.00368298738543883
3000.842,0.00313347207291098
3002.771,0.00273419171094716
3004.699,0.00226196639841931
3006.628,0.00165247603645549
3008.557,9.68725674491671E-4
3010.485,4.22740361963818E-4
3012.414,0
3014.342,-6.85280277762657E-5
3016.271,1.05544256673737E-4
3018.199,6.45786228897469E-4
3020.128,0.00154781851334748
3022.057,0.00278633079779748
3023.985,0.00409147277002121
3025.914,0.00524863505447121
3027.842,0.00620661702669494
3029.771,0.00682529931114495
3031.699,0.00644680128336868
3033.628,0.00495931356781868
3035.556,0.00312063554004242
3037.485,0.00178452782449242
3039.414,0.0011159601089424
3041.342,9.17108081166157E-4
3043.271,9.28788743909245E-4
3045.199,0.00108426405314679
3047.128,0.00134694691856128
3049.056,0.00171238522779883
3050.985,0.00228320109321332
3052.914,0.00329678695862784
3054.842,0.00459201526786536
3056.771,0.00592427113327989
3058.699,0.0072145494425174
3060.628,0.00843391530793193
3062.556,0.00972452361716947
3064.485,0.010855429482584
3066.414,0.0111449653479985
3068.342,0.010487453657236
3070.271,0.00915155952265055
3072.199,0.00779522783188807
3074.128,0.00685551369730259
3076.056,0.00655894200654011
3077.985,0.00693004787195463
3079.913,0.00779549618119215
3081.842,0.00873925204660667
3083.771,0.00927007791202119
3085.699,0.00898606622125871
3087.628,0.00801473208667324
3089.556,0.00665101039591075
3091.485,0.00520243626132528
3093.413,0.0040065945705628
3095.342,0.00334573343597732
3097.271,0.00299275930139184
3099.199,0.00275558761062936
3101.128,0.00245836047604388
3103.056,0.0021119247852814
3104.985,0.00175571865069592
3106.913,0.00134572395993344
3108.842,8.76130825347959E-4
3110.771,4.21875690762481E-4
3112.699,0
3114.627,-3.36691256087595E-4
3116.556,-6.03318201623359E-4
3118.485,-8.62005147159123E-4
3120.413,-0.00108676240324672
3122.342,-0.00119881934878248
3124.27,-0.00126173760487008
3126.199,-0.00127624555040584
3128.127,-0.00127382780649343
3130.056,-0.0012651117520292
3131.985,-0.00126865469756498
3133.913,-0.00128219395365256
3135.842,-0.00125222889918834
3137.77,-0.00115329615527592
3139.699,-0.0010348481008117
3141.627,-9.56619356899274E-4
3143.556,-8.92148302435059E-4
3145.485,-7.79534247970823E-4
3147.413,-6.94103504058397E-4
3149.342,-5.5598044959418E-4
3151.27,-2.83677705681755E-4
3153.199,3.01683487824809E-5
3155.127,1.69139092694886E-4
3157.056,1.61625147159123E-4
3158.984,7.10108910715276E-5
3160.913,-3.44705446423668E-6
3162.842,0
3164.77,5.72609179131248E-5
3166.699,9.43309882733036E-5
3168.627,8.20049061864285E-5
3170.556,7.73309765466075E-5
3172.484,1.09250894459732E-4
3174.413,1.93789648199106E-5
3176.342,2.90800351800892E-5
3178.27,1.14896953093214E-4
3180.199,1.45930023453393E-4
3182.127,1.76948941366518E-4
3184.056,2.35985011726696E-4
3185.984,2.44035929639821E-4
3187.913,2.57802E-4
3189.842,2.70902070360178E-4
3191.77,3.37355988273304E-4
3193.698,3.83176906186428E-4
3195.627,4.13544976546608E-4
3197.556,3.82441046906786E-4
3199.484,3.40398964819911E-4
3201.413,2.86552035180089E-4
3203.341,2.12984953093214E-4
3205.27,1.49713023453393E-4
3207.198,1.55449941366518E-4
3209.127,1.17376011726696E-4
3211.056,5.61400820868747E-5
3212.984,0
3214.913,-6.30154547793299E-5
3216.841,-9.42501073529713E-5
3218.77,-2.83645621323007E-5
3220.698,1.75047852940576E-5
3222.627,1.48396330514728E-4
3224.556,2.05403875735398E-4
3226.484,1.60208223161757E-4
3228.413,5.00627683824274E-5
3230.341,-1.16248841912062E-5
3232.27,-8.19873389705434E-5
3234.198,-1.09084991544177E-4
3236.127,-1.08329446323507E-4
3238.055,-1.24875098897148E-4
3239.984,-1.99234553676478E-4
3241.913,-2.63764008455815E-4
3243.841,-2.41172661029449E-4
3245.77,-1.95371115808786E-4
3247.698,-1.4456876838242E-4
3249.627,-8.22502231617576E-5
3251.555,-7.28868757353986E-5
3253.484,-5.91193305147281E-5
3255.413,-1.03959785294058E-4
3257.341,-1.33590437867699E-4
3259.27,-1.17622892647029E-4
3261.198,-5.32405452206705E-5
3263.127,0
3265.055,2.04707289950734E-5
3266.984,1.30745610653531E-5
3268.913,5.54443931356325E-5
3270.841,3.77431221307058E-5
3272.77,9.42095420098537E-6
3274.698,2.45756831960587E-5
3276.627,5.00015152663381E-5
3278.555,1.02264244261412E-4
3280.484,2.34500763316914E-5
3282.412,-2.81526946732356E-5
3284.341,2.2909637397044E-5
3286.27,-6.81665305326764E-5
3288.198,-8.7545201537603E-5
3290.127,-2.99167694673235E-5
3292.055,-1.13759404722502E-5
3293.984,-4.01800084019707E-5
3295.912,-3.31281794068972E-5
3297.841,-1.29717847336618E-4
3299.77,-1.42442215266338E-4
3301.698,-1.01066186271265E-4
3303.627,-7.17325542009853E-5
3305.555,-2.77636252059118E-5
3307.484,2.33522068643676E-5
3309.412,-2.3910864140559E-5
3311.341,-1.21048320702793E-5
3313.27,0
3315.198,8.43997012883301E-6
3317.126,1.73780402576708E-5
3319.055,6.13822872900995E-5
3320.984,4.64288343225283E-5
3322.912,4.18574044513614E-5
3324.841,4.08157514837903E-5
3326.769,4.42126216126232E-5
3328.698,3.11582686450521E-5
3330.626,1.17101138773885E-4
3332.555,1.46862785806314E-4
3334.484,1.08779332838738E-4
3336.412,5.54947029675758E-5
3338.341,4.417235E-5
3340.269,2.05990201288376E-5
3342.198,2.06282671612619E-5
3344.126,1.11602372900994E-5
3346.055,-8.50115677476218E-7
3347.984,3.08622313549526E-5
3349.912,4.09356014837856E-5
3351.841,4.69724485162144E-5
3353.769,4.08260186450474E-5
3355.698,1.97327656774762E-5
3357.626,9.06056358063093E-5
3359.555,6.46689828387381E-5
3361.483,1.80995529675711E-5
3363.412,0
3365.341,-9.59594928065761E-5
3367.269,-1.57756829888516E-4
3369.198,-1.89815522695092E-4
3371.126,-2.66732759777032E-4
3373.055,-3.96618052583608E-4
3374.983,-4.75624689665548E-4
3376.912,-5.21943082472124E-4
3378.841,-5.964813752787E-4
3380.769,-6.66467412360641E-4
3382.698,-7.23627005167216E-4
3384.626,-7.50161942249157E-4
3386.555,-8.36606735055733E-4
3388.483,-8.76438072137673E-4
3390.412,-8.43879064944249E-4
3392.34,-8.48618702026188E-4
3394.269,-9.93205294832764E-4
3396.198,-0.00106176698763934
3398.126,-9.790079247213E-4
3400.055,-8.19246717527857E-4
3401.983,-7.33278554609816E-4
3403.912,-7.54538247416392E-4
3405.84,-7.93097084498332E-4
3407.769,-7.02146777304908E-4
3409.698,-5.75838470111484E-4
3411.626,-3.03169307193424E-4
3413.555,0
3415.483,4.74431965019341E-4
3417.412,8.40743566431336E-4
3419.34,9.77272531450677E-4
3421.269,6.51561132862672E-4
3423.198,1.07529734274668E-4
3425.126,-2.50976300705992E-4
3427.054,-4.00927335686652E-4
3428.983,-5.45435734274656E-4
3430.912,-7.0228863286266E-4
3432.84,-7.2382116784332E-4
3434.769,-6.84513366431324E-4
3436.697,-7.57080801411984E-4
3438.626,-9.45464099999988E-4
3440.554,-9.75235254980648E-4
3442.483,-9.30237626568653E-4
3444.412,-9.1279664215668E-4
3446.34,-7.78753887137316E-4
3448.269,-8.52552365725344E-4
3450.197,-8.8677180070598E-4
3452.126,-7.93885899294008E-4
3454.054,-6.30661834274644E-4
3455.983,-4.53864932862672E-4
3457.912,-2.66123431450676E-4
3459.84,-1.81474166431336E-4
3461.769,-9.96212650193404E-5
3463.697,0
3465.626,4.51928007532446E-5
3467.554,1.04531920635185E-4
3469.483,3.65943813884291E-5
3471.411,-1.0981328729631E-5
3473.34,-2.51773579763864E-5
3475.269,-1.21801807223142E-4
3477.197,-1.68580457341202E-4
3479.126,-1.36231776587957E-4
3481.054,-1.01603006706025E-4
3482.983,-7.75860159527729E-5
3484.911,-1.06308676070841E-4
3486.84,-1.06645025317596E-4
3488.769,-9.51125145643516E-5
3490.697,-1.78391674682412E-4
3492.626,-2.13229463929167E-4
3494.554,-1.30210824047227E-4
3496.483,8.59827867060174E-5
3498.411,2.75552826587957E-4
3500.34,6.58681637341202E-4
3502.269,0.00106605244809445
3504.197,0.00105653128797639
3506.125,8.23847127858326E-4
3508.054,7.28079938611571E-4
3509.983,5.57093749364815E-4
3511.911,2.73588189246755E-4
3513.84,0
3515.768,-1.3513822498903E-4
3517.697,-1.97902503569861E-4
3519.625,-1.34457228558892E-4
3521.554,9.38584928602775E-5
3523.483,2.14600214279447E-4
3525.411,1.67070789290416E-4
3527.34,2.98206910709585E-4
3529.268,3.51650785720555E-4
3531.197,5.14428007139724E-4
3533.125,8.55466882150694E-4
3535.054,0.00136576310356986
3536.983,0.00163955632498903
3538.911,0.0015332972
3540.84,0.00118229142141917
3542.768,7.81028296430141E-4
3544.697,3.9077251784931E-4
3546.625,-6.45545071397209E-5
3548.554,-5.17713485720552E-4
3550.482,-6.12882810709582E-4
3552.411,-6.25783889290413E-4
3554.34,-8.01099667871241E-4
3556.268,-9.88209812860275E-4
3558.197,-9.16679481441103E-4
3560.125,-6.62950596430136E-4
3562.054,-3.88359775010964E-4
3563.982,0
3565.911,6.17500038641482E-4
3567.84,8.22120077282965E-4
3569.768,6.6000806095367E-4
3571.697,7.82720099595156E-4
3573.625,0.00125494408326586
3575.554,0.00184301512190734
3577.482,0.00255605410557804
3579.411,0.00329865414421953
3581.34,0.00389206218286102
3583.268,0.00435364816653172
3585.197,0.0049948862051732
3587.125,0.00567074518884391
3589.054,0.00563450422748539
3590.982,0.00535492121115609
3592.911,0.00526086524979758
3594.839,0.00505012423346828
3596.768,0.00453494727210976
3598.697,0.00380304531075125
3600.625,0.00299455829442195
3602.554,0.00214792533306344
3604.482,0.00150384931673414
3606.411,0.00120162535537563
3608.339,8.09327339046327E-4
3610.268,2.94224077687813E-4
3612.197,2.06218116329299E-4
3614.125,0
3616.054,-2.66798880645352E-4
3617.982,-1.52071425219872E-4
3619.911,-1.55950605865224E-4
3621.839,-4.05985440439744E-4
3623.768,-4.48477731085096E-4
3625.697,-2.8908719173046E-4
3627.625,1.70498343695032E-4
3629.553,1.67877499120512E-4
3631.482,-2.1281850152484E-4
3633.411,-3.09378962170204E-4
3635.339,-3.80325306744712E-4
3637.268,-3.55219487390076E-4
3639.196,-2.26979231964584E-4
3641.125,-2.6168212609948E-5
3643.053,9.22077328155441E-5
3644.982,3.10425702170192E-4
3646.911,8.4718788152484E-4
3648.839,0.00115873883695032
3650.768,8.56697456304968E-4
3652.696,1.6248341173046E-4
3654.625,-4.11191689148919E-5
3656.553,-4.02190134894119E-5
3658.482,-1.43561294134764E-4
3660.411,-1.87193374780128E-4
3662.339,-1.17341919354636E-4
3664.268,0
3666.196,6.82918675720967E-5
3668.125,3.99084881081728E-4
3670.053,6.95492738653825E-4
3671.982,4.31551562163456E-4
3673.91,5.59405629735552E-4
3675.839,7.88674276245184E-4
3677.768,5.69726056754817E-4
3679.696,2.97804624326911E-4
3681.625,4.21090378365445E-5
3683.553,5.03944054086391E-5
3685.482,2.08837318918272E-4
3687.41,5.02951086490367E-4
3689.339,7.173552E-4
3691.268,4.50803313509633E-4
3693.196,1.18096481081728E-4
3695.125,-1.36628505408639E-4
3697.053,-2.96537337836544E-4
3698.982,-2.23906924326911E-4
3700.91,7.22988432451835E-5
3702.839,1.25567456754817E-4
3704.768,-8.99659297355504E-5
3706.696,-1.71752762163456E-4
3708.625,7.55248513461774E-5
3710.553,3.81630518918272E-4
3712.482,2.95586632427905E-4
3714.41,0
3716.339,-2.06250767351376E-4
3718.267,-1.15414130054045E-4
3720.196,1.1439350259458E-4
3722.125,1.55821435243204E-4
3724.053,9.92863725405347E-5
3725.982,1.40319905189159E-4
3727.91,-1.50714575135102E-5
3729.839,-9.52459248648859E-5
3731.767,1.44366812432441E-4
3733.696,6.10575345081069E-4
3735.625,8.58438087729698E-4
3737.553,3.81413715027021E-4
3739.482,2.33427476756488E-5
3741.41,-3.79572150270243E-5
3743.339,3.24411717621604E-4
3745.267,5.02172054918931E-4
3747.196,2.97106387567559E-4
3749.125,3.31075020216179E-4
3751.053,5.18467357513514E-4
3752.981,2.90734094810841E-4
3754.91,5.54167274594694E-5
3756.839,6.90111601080897E-5
3758.767,1.26240797405424E-4
3760.696,8.70798300540449E-5
3762.624,1.46296735137959E-6
3764.553,0
3766.481,-6.42640242865389E-5
3768.41,3.51172201902558E-5
3770.339,1.83788664667053E-4
3772.267,6.97940380511766E-7
3774.196,-1.68229415142691E-4
3776.124,-1.94894439429233E-4
3778.053,4.94221050475649E-5
3779.981,-1.07829192389766E-5
3781.91,-1.70483374762179E-4
3783.839,-8.58436302853831E-5
3785.767,-1.22871254571923E-4
3787.696,-2.52402410095127E-4
3789.624,-3.39165434381668E-4
3791.553,-3.62685089904871E-4
3793.481,-2.41124914191412E-4
3795.41,-9.21966971461556E-6
3797.338,5.29848059988442E-5
3799.267,-3.99666495243597E-5
3801.196,8.18901949524364E-5
3803.124,-6.41593293341038E-5
3805.053,-1.95276484857308E-4
3806.981,-2.15459309143848E-4
3808.91,-3.66911464667052E-4
3810.838,-5.06441088953592E-4
3812.767,-4.33727044476796E-4
3814.696,0
3816.624,2.57400886243073E-5
3818.553,-9.72610659108132E-5
3820.481,1.34148922713493E-4
3822.41,-1.10342731821628E-4
3824.338,-3.46827443197321E-4
3826.267,-3.68024997732441E-4
3828.196,-3.38276652267562E-4
3830.124,-2.81655163643255E-4
3832.052,-1.89480975018947E-4
3833.981,-1.44755229554068E-4
3835.91,-1.35277284089188E-4
3837.838,3.52070453511907E-6
3839.767,9.96373499999985E-5
3841.695,-1.46192461375694E-4
3843.624,-3.06861515910815E-4
3845.552,-4.23013327286508E-4
3847.481,-4.37098481821628E-4
3849.41,-3.44320836356747E-4
3851.338,9.26857522675587E-5
3853.267,4.8949499773244E-4
3855.195,9.77555863567455E-5
3857.124,-2.29934768178374E-4
3859.052,-4.23907379554068E-4
3860.981,-2.67112034089187E-4
3862.91,-6.97318862430733E-6
3864.838,0
3866.767,-1.90895880995122E-4
3868.695,-1.43857990659324E-5
3870.624,-7.55247800610541E-5
3872.552,-2.19982398131865E-4
3874.481,-2.44122079126986E-4
3876.409,-4.38093197197797E-4
3878.338,-2.50062478192919E-4
3880.267,4.83746408119595E-5
3882.195,-7.76502772588513E-5
3884.124,-8.80885582539729E-5
3886.052,-1.53357976324784E-4
3887.981,-4.60679957319905E-4
3889.909,-4.17078075390716E-4
3891.838,-2.14794356385838E-4
3893.767,-2.41484637380959E-4
3895.695,-4.0608535545177E-4
3897.624,-2.32130936446892E-4
3899.552,3.58633454822975E-5
3901.481,1.02278884487176E-4
3903.409,1.20032996416364E-4
3905.338,-1.22202634578757E-4
3907.267,-4.23841515573878E-4
3909.195,-4.6064533364469E-4
3911.124,-4.73327714639811E-4
3913.052,-4.38757232710622E-4
3914.981,-2.42592413705744E-4
3916.909,-7.19367317765545E-5
3918.838,-2.24795412771676E-4
3920.766,-3.74258030842487E-4
3922.695,-2.29875011837609E-4
3924.624,-5.49054928327301E-5
3926.552,-2.60347610903541E-4
3928.481,-2.92169291898663E-4
3930.409,-1.59475709969473E-4
3932.338,-6.0957290964595E-5
3934.266,-3.72394909035406E-4
3936.195,-5.81865490030528E-4
3938.124,-5.04025171025649E-4
3940.052,-3.5199688909646E-4
3941.981,-2.04914770091581E-4
3943.909,-2.87659688162392E-4
3945.838,-4.40457469157514E-4
3947.766,-4.28186787228325E-4
3949.695,-4.27103468223446E-4
3951.623,-4.54083186294257E-4
3953.552,-4.97641767289379E-4
3955.48,-4.97219285360189E-4
3957.409,-4.02511266355311E-4
3959.338,-3.25956047350432E-4
3961.266,-3.86539965421244E-4
3963.195,-4.69522846416365E-4
3965.123,-5.29989164487176E-4
3967.052,-4.74238745482297E-4
3968.98,-4.38006563553108E-4
3970.909,-4.24114244548229E-4
3972.838,-4.06050725543351E-4
3974.766,-2.90887343614162E-4
3976.695,-2.95662824609283E-4
3978.623,-3.65225342680094E-4
3980.552,-3.94694823675216E-4
3982.48,-4.25220541746027E-4
3984.409,-4.43367222741148E-4
3986.337,-3.0953654081196E-4
3988.266,-2.84314521807081E-4
3990.195,-2.21671402802202E-4
3992.123,-2.16279120873014E-4
3994.052,-2.57779401868135E-4
3995.98,-2.47519919938946E-4
3997.909,-1.57147700934068E-4
3999.837,-1.15516719004878E-4
4001.766,0
