399.2123,0
401.1409,-4.65866391172361E-5
403.0695,1.14124721765526E-4
404.998,-0.0018427987556469
406.9266,-0.00193593839476413
408.8552,1.1407896611863E-4
410.7837,4.90797488706208E-4
412.7123,-4.33292150411031E-4
414.6408,-0.00170445762782345
416.5694,-0.00139447226694069
418.498,-0.00152015390605793
420.4265,-0.00300926238347034
422.3551,-0.00346101202258758
424.2837,-0.00343587866170482
426.2122,-0.00338696913911724
428.1408,-0.00282744077823448
430.0693,-0.0019541532556469
431.9979,-0.00220493989476413
433.9265,-0.00264282453388137
435.855,-0.00221256901129379
437.7836,-0.00128300065041103
439.7121,-0.00141442712782345
441.6407,-0.00188649076694069
443.5693,-0.00173459640605792
445.4978,-0.00166095488347034
447.4264,-0.00117095752258758
449.3549,0
451.2835,3.95717131472915E-4
453.2121,-6.9624737054172E-5
455.1406,6.42748012062034E-4
457.0692,0.00256378414353495
458.9978,0.00408609427500786
460.9263,0.00512095302412407
462.8549,0.00637028315559699
464.7834,0.00671742190471319
466.712,0.00706413203618611
468.6406,0.00866257216765902
470.5691,0.0114638309167752
472.4977,0.0151480710482481
474.4263,0.0186723611797211
476.3548,0.0221101199288373
478.2834,0.0255584500603102
480.2119,0.0280642088094264
482.1405,0.0284160189408993
484.0691,0.0261212690723722
485.9976,0.0230126978214884
487.9262,0.0198577979529613
489.8548,0.0174091980844342
491.7833,0.0156792768335505
493.7119,0.0146036469650234
495.6404,0.0140114357141396
497.569,0.0144189358456125
499.4976,0.0152514959770854
501.4261,0.0169827647262016
503.3547,0.0189287348576745
505.2832,0.0207583536067907
507.2118,0.0219546337382637
509.1404,0.0219595738697366
511.0689,0.0197237726188528
512.9975,0.0156839127503257
514.9261,0.0108309128817986
516.8546,0.00618420163091481
518.7832,0.00258442176238772
520.7117,2.72610511503924E-4
522.6403,-9.09429357023158E-4
524.5688,-6.46450607906949E-4
526.4974,0.00140386382667515
528.426,0.00698213211418164
530.3546,0.0168274104016881
532.2831,0.0271829790693519
534.2117,0.0322590773568583
536.1403,0.0332509356443648
538.0688,0.0362969343120286
539.9974,0.046215732599535
541.9259,0.0599958412671988
543.8545,0.0665496695547052
545.783,0.060194838222369
547.7116,0.0498983465098755
549.6402,0.0432467847973819
551.5687,0.0401421334650457
553.4973,0.0380489417525522
555.4258,0.0340488304202159
557.3544,0.0287944287077224
559.283,0.0262822269952289
561.2115,0.0282195456628926
563.1401,0.0341247939503991
565.0687,0.0412898022379056
566.9973,0.045864520525412
568.9258,0.0483200691930758
570.8544,0.0513245474805823
572.7829,0.051553006148246
574.7115,0.0460666744357525
576.64,0.0355970931034162
578.5686,0.0249854213909227
580.4972,0.0171053296784292
582.4257,0.0123443983460929
584.3543,0.00986573663359939
586.2828,0.00829413530126312
588.2114,0.00736501358876959
590.14,0.00757803187627608
592.0685,0.0092474805439398
593.9971,0.0130207888314463
595.9257,0.0185766771189528
597.8542,0.0240677357866165
599.7828,0.027148504074123
601.7114,0.0271297223616295
603.6399,0.0232430310292932
605.5685,0.0169747393167997
607.497,0.0114080079844634
609.4256,0.0079289362719699
611.3541,0.00629973493963363
613.2827,0.00556520322714012
615.2113,0.0054938815146466
617.1398,0.00681754018231033
619.0684,0.00761758846981682
620.9969,0.00477029713748054
622.9255,0.00149225542498703
624.8541,1.59018712493517E-4
626.7827,0
628.7112,3.97497639936505E-4
630.6398,0.00181434397775426
632.5684,0.00485860531557202
634.4969,0.00886960795550852
636.4255,0.0122824272933263
638.354,0.0143858759332628
640.2826,0.0159750652710805
642.2111,0.017069053911017
644.1397,0.0182072132488348
646.0682,0.0208066018887713
647.9968,0.0254708512265891
649.9254,0.0289108905644068
651.8539,0.0261831792043433
653.7825,0.0181002585421611
655.7111,0.0103227878799788
657.6396,0.00558380651991534
659.5682,0.00359038585773309
661.4968,0.00315915919555085
663.4254,0.00385532153336861
665.3539,0.00547807417330511
667.2825,0.00979521251112287
669.211,0.0159323911510594
671.1396,0.0182292404888771
673.0681,0.0201300491288136
674.9967,0.0197964184666314
676.9252,0.0196379471065679
678.8538,0.0229844964443857
680.7824,0.0321304157822034
682.7109,0.0514723744221399
684.6395,0.0927296137599577
686.5681,0.172669223097775
688.4966,0.282168281737712
690.4252,0.31882394107553
692.3538,0.256437700413347
694.2823,0.203391759053284
696.2109,0.187147018391102
698.1395,0.163109477728919
700.068,0.121869936368856
701.9966,0.0892749857066737
703.9251,0.0779445143466102
705.8537,0.073847733684428
707.7822,0.0603164223243645
709.7108,0.0403536616621822
711.6393,0.0248362703021187
713.5679,0.0151696996399365
715.4965,0.00930790897775426
717.425,0.00567531961769077
719.3536,0.00331905395550852
823.496,0.0191251272400423
825.4245,0.0257460858799788
827.3531,0.0233641452177966
829.2817,0.0169584545556144
831.2102,0.0128921531955509
833.1388,0.0113666925333686
835.0673,0.0111911211733051
836.9959,0.0134799905111229
838.9244,0.0215060091510594
840.853,0.0371574484888771
842.7816,0.0478271478266949
844.7101,0.0396457764666314
846.6387,0.0236635958044491
848.5673,0.0149024351422669
850.4958,0.0167616837822034
852.4244,0.0319101031200212
854.353,0.0512972924578389
856.2815,0.0486976510977754
858.2101,0.0286434304355932
860.1387,0.0119122697734109
862.0672,0.00391609441334744
863.9958,0.0016217357511652
865.9243,4.90244391101704E-4
867.8529,-2.5394327108054E-4
869.7814,-3.41486311440345E-5
871.71,-6.66612933262782E-5
873.6385,-4.46302653389773E-4
875.5671,-5.19193155720174E-5
877.4957,2.77930022245739E-4
879.4243,-7.34346399365042E-5
881.3528,0
883.2814,4.26487644169942E-4
885.21,2.89479288339897E-4
887.1385,-1.88173639233601E-4
889.0671,6.51020049363535E-5
890.9956,6.47026077362856E-4
892.9242,7.33134721532798E-4
894.8528,0.00100391136570275
896.7813,0.00220286643812925
898.7099,0.0040856270822992
900.6384,0.0068019011547257
902.567,0.0123046957988957
904.4955,0.0219621218713222
906.4241,0.0315632765154921
908.3527,0.036142531159662
910.2813,0.039370575803832
912.2098,0.0487119118762585
914.1384,0.0699428265204284
916.067,0.108051461164598
917.9955,0.162472767237025
919.9241,0.211951761881195
921.8526,0.222218067953621
923.7812,0.186385862597791
925.7097,0.130325668670218
927.6383,0.0814615333143878
929.5669,0.0498311079585577
931.4954,0.0325776540309842
933.424,0.0236018486751542
935.3525,0.0191718647475807
937.2811,0.0180879793917506
939.2097,0.0202365340359206
941.1382,0.0247282901083471
943.0668,0.028434404752517
944.9954,0.027770849396687
946.924,0.0229372840408569
948.8525,0.0169425701132834
950.7811,0.0124160347574534
952.7096,0.0100138908298799
954.6382,0.00954686547404981
956.5667,0.0111119815464763
958.4953,0.0148776461906463
960.4239,0.0210594508348162
962.3524,0.0307571269072427
964.281,0.0469665115514127
966.2095,0.0718016776238392
968.1381,0.100617042268009
970.0667,0.118950236912179
971.9952,0.114949442984606
973.9238,0.0963323376287755
975.8524,0.0771812922729455
977.7809,0.063482078345372
979.7095,0.0521478929895419
981.6381,0.0401413076337119
983.5666,0.0284489037061384
985.4952,0.0197342183503083
987.4237,0.0153786544227348
989.3523,0.0150243590669048
991.2808,0.0175291551393313
993.2094,0.0225873297835012
995.138,0.0309396744276712
997.0665,0.0456742305000977
998.9951,0.0717301551442676
1000.924,0.111357785503668
1002.852,0.171107048717377
1004.781,0.255113697648521
1006.709,0.32361546086223
1008.638,0.330507009793374
1010.566,0.283519073007083
1012.495,0.217992321938227
1014.424,0.153649370869371
1016.352,0.10145853408308
1018.281,0.0643805430142237
1020.209,0.0410681962279329
1022.138,0.0272157151590767
1024.066,0.0200147083727859
1025.995,0.0173437173039297
1027.924,0.0204437062350734
1029.852,0.0334355194487827
1031.781,0.0460436083799264
1033.709,0.0347773115936357
1035.638,0.0141250305247794
1037.566,0.00405245373848868
1039.495,8.46892669632418E-4
1041.423,1.85858833416826E-5
1043.352,3.09984814485423E-4
1045.281,0.00168135345350436
1047.209,0.00400088006115847
1049.138,0.00770699811933524
1051.066,0.0136978047269894
1052.995,0.0240709027851661
1054.923,0.0429584293928203
1056.852,0.076429617450997
1058.781,0.124201835509174
1060.709,0.164213752116828
1062.638,0.175377910175005
1064.566,0.174580326782659
1066.495,0.188122384840836
1068.423,0.22579170144849
1070.352,0.281830159506667
1072.28,0.326473776114321
1074.209,0.307517734172497
1076.138,0.217964792230674
1078.066,0.132411208838328
1079.995,0.084256166896505
1081.923,0.0619662535041591
1083.852,0.0532655515623359
1085.78,0.05275566816999
1087.709,0.0584439662281668
1089.637,0.0697582728358209
1091.566,0.0861162908939977
1093.495,0.105580048952174
1095.423,0.124226365559829
1097.352,0.137850823618005
1099.28,0.143611840225659
1101.209,0.144339498283836
1103.137,0.14767831489149
1105.066,0.158917872949667
1106.995,0.176682431007844
1108.923,0.196636447615498
1110.852,0.216611405673675
1112.78,0.241346222281329
1114.709,0.278301280339506
1116.637,0.33090639694716
1118.566,0.388198755005337
1120.495,0.426315613063513
1122.423,0.426751829671167
1124.352,0.402902187729344
1126.28,0.382666904336998
1128.209,0.386565762395175
1130.137,0.419955879002829
1132.066,0.480299137061006
1133.994,0.55162345366866
1135.923,0.601648311726837
1137.852,0.589883969785014
1139.78,0.512949686392668
1141.709,0.405753244450845
1143.637,0.304592561058499
1145.566,0.223365519116675
1147.494,0.16375783572433
1149.423,0.122311893782506
1151.351,0.0950280103901605
1153.28,0.0783816684483372
1155.209,0.069768726506514
1157.137,0.0644352931141681
1159.066,0.0589521111723449
1160.994,0.055523867779999
1162.923,0.0538199658381758
1164.851,0.0510706924458299
1166.78,0.0456261905040067
1168.708,0.0384621971116608
1170.637,0.0328717851698376
1172.566,0.0314894232280143
1174.494,0.0355217698356685
1176.423,0.0458440278938452
1178.351,0.0638105645014994
1180.28,0.0885521325596761
1182.208,0.11212494916733
1184.137,0.126904407225507
1186.066,0.143242665283684
1187.994,0.177102481891338
1189.923,0.229566639949515
1191.851,0.292004556557169
1193.78,0.353088714615346
1195.708,0.377137331223
1197.637,0.323258689281176
1199.566,0.221650747339353
1201.494,0.133999563947007
1203.423,0.0781415220051841
1205.351,0.0458055786128382
1207.28,0.026744686671015
1209.208,0.0148487332786691
1211.137,0.00702753133684588
1213.065,0.0017973479445
1214.994,-0.00155310399732323
1216.923,-0.00324691593914646
1218.851,-0.00326273366722123
1220.78,-0.00176712148648015
1222.708,8.82188593596956E-4
1224.637,0.00461050077433803
1226.565,0.00894583085441514
1228.494,0.0128380930351562
1230.422,0.0157106231152333
1232.351,0.0178046752959744
1234.28,0.0198347574767155
1236.208,0.0221007075567926
1238.137,0.0244119197375336
1240.065,0.0263153598176108
1241.994,0.0283352219983519
1243.922,0.031423372078429
1245.851,0.03641828425917
1247.78,0.0445114264399111
1249.708,0.0579714765199882
1251.637,0.0811058187007293
1253.565,0.120459768780806
1255.494,0.184440420961548
1257.422,0.275569771041625
1259.351,0.378035123222366
1261.28,0.450810075403107
1263.208,0.471803025483184
1265.137,0.462708877663925
1267.065,0.457234127744002
1268.994,0.470301179924743
1270.922,0.50698393000482
1272.851,0.565716982185561
1274.779,0.637524232265638
1276.708,0.673287984446379
1278.637,0.617535136627121
1280.565,0.494786486707198
1282.494,0.374715838887939
1284.422,0.281008388968016
1286.351,0.208839741148757
1288.279,0.152776691228834
1290.208,0.113676343409575
1292.136,0.0894756934896522
1294.065,0.0763200456703933
1295.994,0.0686776378511343
1297.922,0.0624092579312114
1299.851,0.0583076101119525
1301.779,0.0606366001920296
1303.708,0.0682249423727707
1305.636,0.0748228924528478
1307.565,0.0761533846335889
1309.494,0.0709727868143299
1311.422,0.061715636894407
1313.351,0.0549018390751481
1315.279,0.0532078091552252
1317.208,0.0552603813359663
1319.136,0.0582834514160434
1321.065,0.0614799935967845
1322.994,0.0652879157775255
1324.922,0.0715884358576027
1326.851,0.0825371180383438
1328.779,0.101840368118421
1330.708,0.132572620299162
1332.636,0.176214870379239
1334.565,0.22696732255998
1336.493,0.278526172640057
1338.422,0.313549224820798
1340.351,0.302192377001539
1342.279,0.248660227081617
1344.208,0.185950179262358
1346.136,0.132745829342435
1348.065,0.0938685815231757
1349.993,0.0661638116032529
1351.922,0.0471063937839939
1353.85,0.034631013864071
1355.779,0.0263054360448121
1357.708,0.0208194082255532
1359.636,0.0167269883056303
1361.565,0.0132963804863714
1363.493,0.0096506905664485
1365.422,0.00693716274718955
1367.35,0.00545674282726668
1369.279,0.00530923500800776
1371.208,0.0068128671887488
1373.136,0.0118157572688259
1375.065,0.022523639449567
1376.993,0.0343692295296441
1378.922,0.0392446017103852
1380.85,0.0341523517904623
1382.779,0.0247184439712034
1384.708,0.0166222961519444
1386.636,0.0122120062320215
1388.565,0.0108715084127626
1390.493,0.0112310084928397
1392.422,0.0119524706735808
1394.35,0.0116521407536579
1396.279,0.00995552293439897
1398.207,0.00758004301447609
1400.136,0.00486581519521716
1402.065,0.00297246737595821
1403.993,0.00185463745603534
1405.922,8.53119636776386E-4
1407.85,2.89399716853541E-4
1409.779,7.53498637911659E-5
1411.707,1.31639625425681E-4
1413.636,3.66852939841109E-4
1415.564,9.22542701475623E-4
1417.493,0.00168632601589105
1419.422,0.00278435933030649
1421.35,0.00407222909194099
1423.279,0.00649004240635644
1425.207,0.0101594521679909
1427.136,0.0143293854824064
1429.064,0.0187380752440409
1430.993,0.0222350385584563
1432.922,0.0254765318728718
1434.85,0.0308648216345063
1436.779,0.0428726149489217
1438.707,0.0517567147105562
1440.636,0.0568647680249716
1442.564,0.0772042677866061
1444.493,0.112954631101022
1446.422,0.110402714415437
1448.35,0.0730413341770716
1450.279,0.064430587491487
1452.207,0.0789631872531215
1454.136,0.102536700567537
1456.064,0.125170610329171
1457.993,0.123240493643587
1459.921,0.100879903405221
1461.85,0.0838560367196368
1463.779,0.0794044500340522
1465.707,0.0914540497956867
1467.636,0.109292263110102
1469.564,0.126137272871737
1471.493,0.132143856186152
1473.421,0.109126765947787
1475.35,0.0750421192622021
1477.278,0.0444777990238366
1479.207,0.028077362338252
1481.136,0.0190818056526674
1483.064,0.0147145654143019
1484.993,0.0126369287287174
1486.921,0.0127264184903519
1488.85,0.0142460018047673
1490.778,0.0192344115664018
1492.707,0.0260308148808173
1494.635,0.0352750746424518
1496.564,0.0461435879568672
1498.493,0.0536333212712827
1500.421,0.0612959410329172
1502.35,0.0723835243473326
1504.278,0.0787582941089671
1506.207,0.0637752874233825
1508.135,0.033057077185017
1510.064,0.0193083804994325
1511.993,0.0112554038138479
1513.921,0.00705125357548241
1515.85,0.00494832788989786
1517.778,0.00331461165153235
1519.707,0.0023455039659478
1521.635,0.0018889247275823
1523.564,0.00129766904199774
1525.493,0.00132259635641318
1527.421,5.70266118047679E-4
1529.35,-1.25826567536877E-4
1531.278,-4.72017805902362E-4
1533.207,-5.97731491486935E-4
1535.135,-0.0014144175834279
1537.064,-0.0015674605834279
1538.992,-0.0017655275834279
1540.921,-0.0013463105834279
1542.85,-5.94197583427897E-4
1544.778,0.0014399644165721
1546.707,0.0038861244165721
1548.635,0.0081376634165721
1550.564,0.0158138734165721
1552.492,0.0237938434165721
1554.421,0.0282868634165721
1556.349,0.0268015534165721
1558.278,0.0162392534165721
1560.207,0.0040223044165721
1562.135,0.0010013554165721
1564.064,-2.39268583427897E-4
1565.992,-0.0011998135834279
1567.921,-0.0011045395834279
1569.849,-2.50610583427897E-4
1571.778,0.0011864654165721
1573.707,0.0033236054165721
1575.635,0.0099993334165721
1577.564,0.0204940134165721
1579.492,0.0218522534165721
1581.421,0.0163470934165721
1583.349,0.0125632734165721
1585.278,0.0131578234165721
1587.207,0.0165978134165721
1589.135,0.0218560734165721
1591.064,0.0285807234165721
1592.992,0.0361931934165721
1594.921,0.0447732134165721
1596.849,0.0546993934165721
1598.778,0.0675709534165721
1600.706,0.0829151334165721
1602.635,0.0907899634165721
1604.564,0.0783248934165721
1606.492,0.0531645634165721
1608.421,0.0320327434165721
1610.349,0.0204687534165721
1612.278,0.0151052234165721
1614.206,0.0127440634165721
1616.135,0.0113649434165721
1618.063,0.0104660434165721
1619.992,0.0102857134165721
1621.921,0.0103716834165721
1623.849,0.0104512334165721
1625.778,0.0108182834165721
1627.706,0.0118721134165721
1629.635,0.0134320334165721
1631.563,0.0152360134165721
1633.492,0.0171616234165721
1635.421,0.0196773734165721
1637.349,0.0215432334165721
1639.278,0.0224815234165721
1641.206,0.0230247634165721
1643.135,0.0228372434165721
1645.063,0.0221982934165721
1646.992,0.0206316134165721
1648.92,0.0190338734165721
1650.849,0.0183594034165721
1652.778,0.0173624034165721
1654.706,0.0145469034165721
1656.635,0.0132697834165721
1658.563,0.0123100034165721
1660.492,0.0116402934165721
1662.42,0.0107460534165721
1664.349,0.0096108934165721
1666.277,0.0088895934165721
1668.206,0.0083689134165721
1670.135,0.0075036534165721
1672.063,0.0068432134165721
1673.992,0.0063535934165721
1675.92,0.0059465394165721
1677.849,0.0057761664165721
1679.777,0.0058488954165721
1681.706,0.0058126644165721
1683.635,0.0057195484165721
1685.563,0.0045945344165721
1687.492,0.0041440694165721
1689.42,0.0037223484165721
1691.349,0.0033636644165721
1693.277,0.0034617614165721
1695.206,0.0037950374165721
1697.135,0.0034348464165721
1699.063,0.0030157624165721
1700.992,0.0019931064165721
1702.92,0.0016678444165721
1704.849,0.0017904934165721
1706.777,0.0018842794165721
1708.706,0.0018981914165721
1710.634,0.0017070474165721
1712.563,0.0013231724165721
1714.492,0.0010148714165721
1716.42,6.63931416572103E-4
1718.349,1.85265416572103E-4
1720.277,-2.85360578565315E-4
1722.206,-2.1700239953459E-4
1724.134,3.53676845355191E-5
1726.063,3.79486863566245E-4
1727.991,9.06392947636354E-4
1729.92,0.00166795212666708
1731.849,0.00233508230569781
1733.777,0.00311359838976791
1735.706,0.00331487556879864
1737.634,0.00344629465286875
1739.563,0.00340319583189948
1741.491,0.00306831091596958
1743.42,0.00267921409500031
1745.349,0.00217199427403104
1747.277,0.00169307035810114
1749.206,0.00118080553713187
1751.134,4.11195621201979E-4
1753.063,-3.84704199767296E-4
1754.991,-7.47719115697187E-4
1756.92,-9.24039936666461E-4
1758.849,-0.00113749475763574
1760.777,-0.00123229967356563
1762.706,-0.0014662824945349
1764.634,-0.00158032141046479
1766.563,-0.00139338123143407
1768.491,-0.00110960414736396
1770.42,-9.91616968333231E-4
1772.348,-7.29763884263122E-4
1774.277,-2.07140705232396E-4
1776.206,3.1455847379833E-4
1778.134,8.83915578684391E-5
1780.063,-3.07533263100835E-4
1781.991,-4.12031179030728E-4
1783.92,0
1785.848,8.27048027202758E-4
1787.777,0.00181902314674326
1789.705,0.00305105917394601
1791.634,0.0042506392934865
1793.563,0.00481843641302701
1795.491,0.00491207344022975
1797.42,0.00471690055977026
1799.348,0.004302385586973
1801.277,0.00377899270651351
1803.205,0.00329764173371625
1805.134,0.00314347885325676
1807.063,0.00340572497279726
1808.991,0.003732551
1810.92,0.0037720811195405
1812.848,0.00338822114674325
1814.777,0.00286832826628375
1816.705,0.0022596622934865
1818.634,0.001558323413027
1820.563,9.77613532567508E-4
1822.491,6.04662559770247E-4
1824.42,3.53465679310756E-4
1826.348,1.52018706513504E-4
1828.277,2.10390826054013E-4
1830.205,2.17159853256752E-4
1832.134,-7.18027202738789E-7
1834.062,0
1835.991,2.69986194817819E-5
1837.92,8.46722389635638E-5
1839.848,1.36862032307712E-4
1841.777,3.25781651789494E-4
1843.705,4.88535445133642E-4
1845.634,5.19110064615424E-4
1847.562,6.17273857959572E-4
1849.491,7.18333477441354E-4
1851.419,8.32164270785502E-4
1853.348,0.00109618589026728
1855.277,0.00146309150974907
1857.205,0.00200331430309321
1859.134,0.002805417922575
1861.062,0.00414625171591914
1862.991,0.00592870633540093
1864.919,0.00786106712874508
1866.848,0.00919643374822686
1868.776,0.00917433554157101
1870.705,0.00782737366061295
1872.634,0.00636680415891033
1874.562,0.00517764503745744
1876.491,0.00451640453575483
1878.419,0.00447882741430194
1880.348,0.00517567191259932
1882.276,0.00639536979114644
1884.205,0.00752711728944382
1886.134,0.00759938878774122
1888.062,0.00654503866628832
1889.991,0.00465060616458571
1891.919,0.00289337504313281
1893.848,0.00172420654143021
1895.776,8.9905241997731E-4
1897.705,2.97576918274708E-4
1899.634,-1.18931583427908E-4
1901.562,-4.56711704880795E-4
1903.491,-6.72806206583411E-4
1905.419,-8.78044328036297E-4
1907.348,-9.91359829738914E-4
1909.276,-0.00113008295119182
1911.205,-0.00130218845289443
1913.133,-0.00140686157434732
1915.062,-0.00139828907604994
1916.991,-0.00132964757775254
1918.919,-0.00128702069920544
1920.848,-0.00109453720090804
1922.776,-7.71180322360942E-4
1924.705,-8.35398824063543E-4
1926.633,-0.00104139394551644
1928.562,-0.00119418944721905
1930.49,-0.00106320656867195
1932.419,-4.45492924428769E-4
1934.348,0.00112059671153411
1936.276,0.00348559499361624
1938.205,0.00661902962957912
1940.133,0.00944676791166125
1942.062,0.0102046335476241
1943.99,0.00810711182970626
1945.919,0.00517430946566914
1947.848,0.00282333110163202
1949.776,0.00159972138371415
1951.705,0.00137469601967703
1953.633,0.00210448830175917
1955.562,0.00367522893772206
1957.49,0.00586945021980418
1959.419,0.00774715485576706
1961.348,0.00784112049172995
1963.276,0.00588012977381207
1965.205,0.00345560240977496
1967.133,0.00157767569185708
1969.062,4.53961327819965E-4
1970.99,-7.81303900979098E-5
1972.919,-2.52605754135026E-4
1974.847,-2.68720472052901E-4
1976.776,-7.97128360900171E-5
1978.705,2.29527799872867E-4
1980.633,4.34967081954992E-4
1982.562,2.82997717917876E-4
1984.49,0
1986.419,-2.66085240805296E-4
1988.347,-4.12319512434438E-4
1990.276,-5.18561953239734E-4
1992.204,-5.95884324868873E-4
1994.133,-7.65929165674169E-4
1996.062,-7.9231610647947E-4
1997.99,-7.69773978108607E-4
1999.919,-7.54481618913905E-4
2001.847,-7.82133590543044E-4
2003.776,-8.06089231348345E-4
2005.704,-8.15964802977482E-4
2007.633,-7.38916943782783E-4
2009.562,-6.61795784588078E-4
2011.49,-5.66109956217215E-4
2013.419,-5.44783297022516E-4
2015.347,-5.23169568651653E-4
2017.276,-4.90668109456954E-4
2019.204,-4.7641598108609E-4
2021.133,-4.81516821891391E-4
2023.062,-4.24577462696687E-4
2024.99,-3.69371034325829E-4
2026.919,-2.99060175131125E-4
2028.847,-2.49983746760267E-4
2030.776,-1.56708587565563E-4
2032.704,-5.04928591947017E-5
2034.633,0
2036.561,8.65765932750939E-6
2038.49,3.58300370467865E-5
2040.419,4.65102147660643E-5
2042.347,3.80782740935738E-5
2044.276,-6.26474818714936E-6
2046.204,-4.4030988859639E-5
2048.133,-1.02237111140361E-4
2050.061,-1.10934051812851E-4
2051.99,-1.53176674093574E-4
2053.918,-2.08084714766065E-4
2055.847,-2.47832737046787E-4
2057.776,-2.8140925932751E-4
2059.704,-3.33519600000001E-4
2061.633,-3.47658322280724E-4
2063.561,-3.53303362953214E-4
2065.49,-3.55204585233937E-4
2067.418,-3.68411025906426E-4
2069.347,-3.18274848187149E-4
2071.276,-2.77784270467872E-4
2073.204,-1.67312811140362E-4
2075.133,-5.28636334210849E-5
2077.061,2.74293259064254E-5
2078.99,2.69605036257025E-5
2080.918,4.20652629532128E-5
2082.847,1.75614406724897E-5
2084.775,0
2086.704,-3.62848480146632E-6
2088.633,-1.06405696029329E-5
2090.561,-2.88812448736598E-5
2092.49,-3.24031296751264E-5
2094.418,-7.64190049458533E-5
2096.347,-5.44854897473199E-5
2098.275,-1.93922650180468E-5
2100.204,2.20852501804866E-5
2102.133,9.47242653790143E-5
2104.061,2.03301590108293E-4
2105.99,2.30909805306821E-4
2107.918,2.621229300361E-4
2109.847,3.17149945234627E-4
2111.775,3.52280769963906E-4
2113.704,3.57482085162434E-4
2115.633,4.09921100360967E-4
2117.561,4.1195552509024E-4
2119.49,3.52534440288774E-4
2121.418,2.77853265018047E-4
2123.347,2.3197038021658E-4
2125.275,1.84494004945854E-4
2127.204,1.84139020144387E-4
2129.132,1.6380684487366E-4
2131.061,1.25088560072193E-4
2132.99,5.5613075270727E-5
2134.918,0
2136.847,-1.10296825946394E-4
2138.775,-1.6734752692859E-4
2140.704,-1.94521412874978E-4
2142.632,-1.99047033857173E-4
2144.561,-2.23901099803568E-4
2146.49,-2.46103905749955E-4
2148.418,-2.80090136732151E-4
2150.347,-2.89931452678545E-4
2152.275,-2.68933883660734E-4
2154.204,-2.32895399607128E-4
2156.132,-2.28130050589317E-4
2158.061,-1.67805566535712E-4
2159.989,-1.20416417517901E-4
2161.918,-9.19355334642949E-5
2163.846,-4.72769844464838E-5
2165.775,8.39509960712183E-6
2167.704,3.35850836607276E-5
2169.632,4.42262326785384E-5
2171.561,-1.43081832678558E-5
2173.489,-8.14535342500447E-5
2175.418,-1.20007950196439E-4
2177.346,-1.21781501178628E-4
2179.275,-1.07771117125022E-4
2181.204,-5.31962330714166E-5
2183.132,-2.31583840536056E-5
2185.061,0
2186.989,6.94960118902335E-5
2188.918,1.44015130270033E-4
2190.846,1.18247242160267E-4
2192.775,3.21070605400669E-5
2194.704,-6.60821210801258E-5
2196.632,-1.018150091899E-4
2198.561,-1.40354790810092E-4
2200.489,-1.49686078919867E-4
2202.418,-1.18013260540059E-4
2204.346,-8.72111486498331E-5
2206.275,-7.78133302700255E-5
2208.203,-2.85862183797999E-5
2210.132,8.80659999999986E-6
2212.061,4.44504183798077E-5
2213.989,7.38055302700333E-5
2215.918,8.74583486498411E-5
2217.846,7.43654605400664E-5
2219.775,6.60442789198743E-5
2221.703,4.65693908100922E-5
2223.632,7.82932091899079E-5
2225.561,1.47216027569708E-4
2227.489,1.79381139459933E-4
2229.418,1.78529957839733E-4
2231.346,1.77099069729966E-4
2233.275,9.78538881097663E-5
2235.203,0
2237.132,3.20453154657706E-5
2239.06,1.07904394376083E-4
2240.989,1.62038709841854E-4
2242.917,1.93654788752167E-4
2244.846,2.23573104217937E-4
2246.775,2.67364419683708E-4
2248.703,3.07432498594021E-4
2250.632,4.08698814059791E-4
2252.56,5.51754892970104E-4
2254.489,7.02943208435875E-4
2256.417,7.25733287346188E-4
2258.346,6.69715602811958E-4
2260.275,5.42468918277729E-4
2262.203,3.87022997188042E-4
2264.132,2.15140312653812E-4
2266.06,1.5066591564125E-5
2267.989,-1.90890692970104E-4
2269.917,-3.18961114059791E-4
2271.846,-3.96566398594021E-4
2273.774,-4.22789519683708E-4
2275.703,-3.82917004217937E-4
2277.632,-2.82557988752167E-4
2279.56,-1.73508309841854E-4
2281.489,-7.72517943760833E-5
2283.417,-5.82333154657706E-5
2285.346,0
2287.274,-1.19828630339217E-4
2289.203,-1.58225948090458E-4
2291.132,-1.91606965841699E-4
2293.06,-2.26592896180916E-4
2294.989,-2.58792813932156E-4
2296.917,-2.81367344271373E-4
2298.846,-2.55402462022615E-4
2300.774,-2.37373992361831E-4
2302.703,-1.91309110113072E-4
2304.632,-3.19792278642627E-5
2306.56,1.4345524179647E-4
2308.489,3.7175812404528E-4
2310.417,7.23721593705962E-4
2312.346,0.00125500447595477
2314.274,0.0019348549456155
2316.203,0.00262111282786431
2318.131,0.00274685629752505
2320.06,0.00227059517977385
2321.989,0.00170357906202261
2323.917,0.0012595265316834
2325.846,0.00108265241393216
2327.774,0.00121455188359294
2329.703,0.0013228067658417
2331.631,9.94312235502483E-4
2333.56,3.06561117751242E-4
2335.489,0
2337.417,6.38447778509031E-4
2339.346,0.001618238039787
2341.274,0.00225609681829604
2343.203,0.00238894907957401
2345.131,0.00191492685808304
2347.06,8.99563119361013E-4
2348.989,5.46768380638987E-4
2350.917,0.00122871115914802
2352.845,0.00206252093765705
2354.774,0.00273233119893502
2356.703,0.003163193460213
2358.631,0.00340845423872203
2360.56,0.0036024765
2362.488,0.00389648627850903
2364.417,0.00394973753978701
2366.345,0.00365952231829604
2368.274,0.00321699457957401
2370.203,0.00288304884085198
2372.131,0.00259804761936101
2374.06,0.00226760788063899
2375.988,0.00191483865914802
2377.917,0.00152789392042599
2379.845,0.00106244569893502
2381.774,6.02537960212995E-4
2383.703,2.10884221490969E-4
2385.631,0
2387.56,-1.42353485032803E-4
2389.488,-2.83157823624414E-4
2391.417,-4.05746308657238E-4
2393.345,-5.2607264724885E-4
2395.274,-6.98798132281651E-4
2397.202,-8.15858470873286E-4
2399.131,-8.78072955906088E-4
2401.06,-9.1475844093889E-4
2402.988,-9.21449779530523E-4
2404.917,-8.73574264563325E-4
2406.845,-8.50938603154959E-4
2408.774,-8.08017088187761E-4
2410.702,-7.78300426779395E-4
2412.631,-7.41896911812197E-4
2414.56,-7.1318239684502E-4
2416.488,-7.20311735436632E-4
2418.417,-7.30467220469456E-4
2420.345,-7.03427559061068E-4
2422.274,-6.60354044093891E-4
2424.202,-6.10198382685503E-4
2426.131,-5.27473867718327E-4
2428.06,-3.40854352751129E-4
2429.988,-1.69078691342762E-4
2431.917,-9.45481763755642E-5
2433.845,-6.53115149671976E-5
2435.774,0
2437.702,-7.01586474412871E-6
2439.631,-3.46803378205901E-5
2441.559,-7.60962025647192E-5
2443.488,-9.11976756411807E-5
2445.417,-1.67272148717642E-4
2447.345,-2.60564013461771E-4
2449.274,-3.12109486538233E-4
2451.202,-3.04279351282362E-4
2453.131,-2.79208824358823E-4
2455.059,-2.12129689102952E-4
2456.988,-1.53311162179414E-4
2458.917,-1.24484635255875E-4
2460.845,-9.01225000000039E-5
2462.774,-8.02497307646547E-6
2464.702,5.05811621794056E-5
2466.631,1.15358689102944E-4
2468.559,1.56971824358815E-4
2470.488,2.00498351282354E-4
2472.417,2.34645878205892E-4
2474.345,2.67445013461763E-4
2476.273,2.67052148717642E-4
2478.202,1.89866675641181E-4
2480.131,9.90812025647191E-5
2482.059,5.06503378205903E-5
2483.988,-1.0140135255871E-5
2485.916,0
2487.845,-3.76945822148668E-5
2489.773,-9.24527882855036E-5
2491.702,-1.4406437050037E-4
2493.631,-1.71193952715237E-4
2495.559,-2.05153158785874E-4
2497.488,-2.01388741000741E-4
2499.416,-1.93290947071377E-4
2501.345,-1.71149529286244E-4
2503.273,-1.58958735356881E-4
2505.202,-1.18729317571748E-4
2507.131,-8.57368997866145E-5
2509.059,2.51698941427488E-5
2510.988,1.53899311927882E-4
2512.916,3.14371105857245E-4
2514.845,5.01106523642379E-4
2516.773,6.94318317571742E-4
2518.702,8.37743735356875E-4
2520.63,9.13253529286239E-4
2522.559,0.00101640894707137
2524.488,0.00111843436485651
2526.416,0.00115413415878587
2528.345,0.00111248457657101
2530.273,9.16905370500365E-4
2532.202,5.95969788285504E-4
2534.13,2.63131582214861E-4
2536.059,0
2537.988,-2.02863730544641E-4
2539.916,-3.55759397983768E-4
2541.845,-5.00485128528409E-4
2543.773,-6.66477795967535E-4
2545.702,-7.92691426512176E-4
2547.63,-8.74856493951303E-4
2549.559,-9.45261024495944E-4
2551.488,-9.29246955040585E-4
2553.416,-8.58233822479712E-4
2555.344,-8.1884318991883E-4
2557.273,-7.88328820463479E-4
2559.202,-7.0727245100812E-4
2561.13,-6.34160318447239E-4
2563.059,-5.3546724899188E-4
2564.987,-4.49297716431006E-4
2566.916,-3.76518946975648E-4
2568.844,-3.50405614414774E-4
2570.773,-2.47837144959415E-4
2572.702,-8.08853755040564E-5
2574.63,8.08079570568175E-5
2576.559,1.31555226512176E-4
2578.487,8.20075590730496E-5
2580.416,-2.68291714715914E-5
2582.344,-1.12693038910718E-4
2584.273,-1.12393869455359E-4
2586.202,0
2588.13,8.10435971002363E-5
2590.059,1.89874921014319E-4
2591.987,3.00280818114556E-4
2593.916,4.61413142028639E-4
2595.844,6.28148039128875E-4
2597.773,7.63009363042959E-4
2599.701,8.28672260143195E-4
2601.63,8.24647584057278E-4
2603.559,6.81863907971365E-4
2605.487,4.47300805071597E-4
2607.416,2.74997128985685E-4
2609.344,2.61227026085917E-4
2611.273,3.06258350000004E-4
2613.201,3.90046247100236E-4
2615.13,4.81532571014323E-4
2617.059,5.52584894928403E-4
2618.987,6.19136792028643E-4
2620.916,7.13289115942722E-4
2622.844,7.61270013042962E-4
2624.773,7.78388336957042E-4
2626.701,7.04169234057282E-4
2628.63,5.35201557971361E-4
2630.559,3.31827881885448E-4
2632.487,1.7266377898568E-4
2634.416,7.93241028997677E-5
2636.344,0
2638.273,-9.2231083368776E-5
2640.201,-2.02411227865905E-4
2642.13,-3.41119611234681E-4
2644.058,-4.24378155731796E-4
2645.987,-4.51851039100572E-4
2647.916,-4.70217022469348E-4
2649.844,-4.43150766966476E-4
2651.773,-3.76906750335239E-4
2653.701,-3.76908694832381E-4
2655.63,-3.95348678201144E-4
2657.558,-4.06675222698285E-4
2659.487,-3.76348906067048E-4
2661.416,-3.35045789435811E-4
2663.344,-2.85813433932952E-4
2665.273,-2.64270617301715E-4
2667.201,-2.82071361798857E-4
2669.13,-3.5892251516762E-4
2671.058,-3.64925509664761E-4
2672.987,-3.51277113033524E-4
2674.916,-3.50180046402287E-4
2676.844,-3.15086200899428E-4
2678.772,-2.8946474539657E-4
2680.701,-2.76166228765333E-4
2682.63,-2.81739612134096E-4
2684.558,-2.01137356631237E-4
2686.487,0
2688.415,2.58044091667736E-5
2690.344,3.44575984523962E-5
2692.272,-8.68523808301427E-8
2694.201,-7.60649630952076E-5
2696.13,-1.35354573809585E-4
2698.058,-1.29877924642811E-4
2699.987,-1.96635335357189E-4
2701.915,-3.03272586190415E-4
2703.844,-4.28092996904793E-4
2705.772,-5.49628847738019E-4
2707.701,-6.38277558452397E-4
2709.63,-6.61169869166744E-4
2711.558,-6.6929562E-4
2713.487,-6.92964630714348E-4
2715.415,-7.62615481547604E-4
2717.344,-8.44982192261951E-4
2719.272,-8.99005043095208E-4
2721.201,-8.50818753809555E-4
2723.129,-7.70806604642811E-4
2725.058,-6.46544315357159E-4
2726.987,-5.02026026071566E-4
2728.915,-2.97967876904792E-4
2730.844,-2.53615876191701E-5
2732.772,1.85061561547604E-4
2734.701,1.84631850833197E-4
2736.629,0
2738.558,-1.27272195460963E-4
2740.487,-3.07018390921957E-4
2742.415,-4.85462124384244E-4
2744.344,-6.01339319845237E-4
2746.272,-6.46405053307524E-4
2748.201,-5.86207248768518E-4
2750.129,-5.26940982230805E-4
2752.058,-5.02645177691798E-4
2753.987,-5.21366373152778E-4
2755.915,-5.62176106615079E-4
2757.844,-6.25989302076058E-4
2759.772,-5.83191035538359E-4
2761.701,-5.18263230999339E-4
2763.629,-4.4717996446164E-4
2765.558,-3.32699159922619E-4
2767.486,-1.88154893384921E-4
2769.415,-6.72010888458992E-5
2771.344,6.13187156931223E-5
2773.272,1.6217498223082E-4
2775.201,2.31531786769842E-4
2777.129,2.1991005330754E-4
2779.058,1.44992857846561E-4
2780.986,4.98571243842596E-5
2782.915,-3.47807107671907E-6
2784.844,-1.0390266537698E-5
2786.772,0
2788.701,-3.12091853240018E-4
2790.629,-6.45220805052722E-4
2792.558,-9.8657365829274E-4
2794.486,-0.00126902661010544
2796.415,-0.00148424646334546
2798.343,-0.00164698141515816
2800.272,-0.00185102126839818
2802.2,-0.00203594022021089
2804.129,-0.0021720260734509
2806.058,-0.00231004392669092
2807.986,-0.00236224187850363
2809.915,-0.00232892973174364
2811.843,-0.00229963368355641
2813.772,-0.00222860153679637
2815.7,-0.00209461848860913
2817.629,-0.00188701734184915
2819.558,-0.00162614519508911
2821.486,-0.00122451114690187
2823.415,-8.4922948712755E-4
2825.343,-6.19063862836897E-4
2827.272,-2.52435086769988E-4
2829.2,2.15706537520666E-4
2831.129,6.26907313587574E-4
2833.057,8.72590937878228E-4
2834.986,8.91136713945135E-4
2836.915,7.94940490011931E-4
2838.843,5.96365114302696E-4
2840.772,2.89848890369494E-4
2842.7,-3.7176485339744E-5
2844.629,-1.46042709272945E-4
2846.557,1.82781915017818E-4
2848.486,0.00104645569108461
2850.415,0.00239601946715141
2852.343,0.00389709409144218
2854.272,0.00485013786750897
2856.2,0.00474408249179974
2858.129,0.00368280626786653
2860.057,0.0023697608921573
2861.986,0.0014557446682241
2863.915,0.0013836784442909
2865.843,0.00259273306858166
2867.771,0.00577864769287242
2869.7,0.0115433314689392
2871.629,0.019398125245006
2873.557,0.0265469398692968
2875.486,0.0294874536453636
2877.414,0.0271579482696543
2879.343,0.0214992920457211
2881.271,0.0155250766700119
2883.2,0.0110511104460787
2885.129,0.0082553442221455
2887.057,0.00659460884643626
2888.986,0.00543461262250306
2890.914,0.00426052724679383
2892.843,0.00287252102286062
2894.771,0.00157872564715128
2896.7,5.72899423218074E-4
2898.629,-1.06266800715019E-4
2900.557,-5.01892176424362E-4
2902.486,-6.11718400357567E-4
2904.414,-4.81823776066807E-4
2906.343,0
2908.271,0.00156171816047511
2910.2,0.00335880359696708
2912.128,0.0050379017574422
2914.057,0.00628768719393417
2915.986,0.00699465263042614
2917.914,0.00726905079090125
2919.843,0.00739072622739323
2921.771,0.00798558438786834
2923.7,0.00946295982436031
2925.628,0.0123712279848354
2927.557,0.0172514334213274
2929.486,0.0246353488578193
2931.414,0.0341602870182945
2933.343,0.0434047524547864
2935.271,0.0479197506152616
2937.2,0.0447553260517535
2939.128,0.0355668942122287
2941.057,0.0251936596487206
2942.986,0.0170383550852126
2944.914,0.0116227932456877
2946.843,0.00847958868217965
2948.771,0.00709372684265476
2950.7,0.00715856227914674
2952.628,0.00838791043962185
2954.557,0.0108573458761138
2956.485,0.0150803340365889
2958.414,0.0215599494730809
2960.343,0.0310264949095729
2962.271,0.044551433070048
2964.2,0.06268619850654
2966.128,0.0843098066670151
2968.057,0.106214762103507
2969.985,0.123938430263982
2971.914,0.134002185700474
2973.843,0.135369541136966
2975.771,0.129175609297441
2977.7,0.117122864733933
2979.628,0.101168132894408
2981.557,0.0835107883309003
2983.485,0.0661948264913755
2985.414,0.0507038719278674
2987.343,0.0378256073643594
2989.271,0.0276882355248345
2991.199,0.0200368136853096
2993.128,0.0142939591218016
2995.057,0.0100696045582936
2996.985,0.00696705271876866
2998.914,0.00461690815526064
3000.842,0.00275476631573575
3002.771,0.00136311175222773
3004.699,3.8318991270284E-4
3006.628,-1.10974650805187E-4
3008.557,-1.13111821155025E-4
3010.485,4.06565014953356E-4
3012.414,0.00141047647079004
3014.342,0.00308771330689842
3016.271,0.0057996747627351
3018.199,0.0100484315988435
3020.128,0.0162634130546802
3022.057,0.0243182845105168
3023.985,0.0325537013466252
3025.914,0.0386042928024619
3027.842,0.0411615796385703
3029.771,0.040101841094407
3031.699,0.0354541879305153
3033.628,0.028777829386352
3035.556,0.0222713862224604
3037.485,0.0173359476782971
3039.414,0.0143582791341337
3041.342,0.0128495559702421
3043.271,0.0119448674260788
3045.199,0.0113317042621872
3047.128,0.0111972057180238
3049.056,0.0119413325541322
3050.985,0.0136881840099689
3052.914,0.0166428554658055
3054.842,0.0209426823019139
3056.771,0.0266570437577506
3058.699,0.033325490593859
3060.628,0.0405720420496957
3062.556,0.0481185888858041
3064.485,0.0548252203416408
3066.414,0.0577676617974774
3068.342,0.0550680286335858
3070.271,0.0482320400894225
3072.199,0.0407015569255309
3074.128,0.0350051883813676
3076.056,0.031682355217476
3077.985,0.0299099366733126
3079.913,0.028880323509421
3081.842,0.0282691849652577
3083.771,0.0280498464210944
3085.699,0.0276237132572028
3087.628,0.0258824447130394
3089.556,0.0222140715491478
3091.485,0.0175633630049845
3093.413,0.0132344898410929
3095.342,0.00994409129692955
3097.271,0.00776815275276622
3099.199,0.00669087958887461
3101.128,0.00632937104471128
3103.056,0.00642583788081966
3104.985,0.00682251933665634
3106.913,0.00716948617276472
3108.842,0.0070698376286014
3110.771,0.00630967908443808
3112.699,0.00492169592054646
3114.627,0.00334429675665484
3116.556,0.00203666021249152
3118.485,0.0011202456683282
3120.413,4.95560504436579E-4
3122.342,1.32077960273256E-4
3124.27,-9.42042036183614E-5
3126.199,-1.83682747781683E-4
3128.127,-2.11900911673303E-4
3130.056,-1.12994455836625E-4
3131.985,0
3133.913,-3.22528875992064E-5
3135.842,-1.17866267998904E-5
3137.77,3.3424856009036E-6
3139.699,4.97074640021982E-6
3141.627,2.60538588010132E-5
3143.556,1.0098211960033E-4
3145.485,1.74309380399662E-4
3147.413,2.23715492800456E-4
3149.342,3.34969753599772E-4
3151.27,4.53263866000566E-4
3153.199,4.93296126799899E-4
3155.127,4.67418239200676E-4
3157.056,4.27960500000009E-4
3158.984,2.85066612400786E-4
3160.913,8.13278732001185E-5
3162.842,-8.61878660005484E-5
3164.77,-1.54186753599772E-4
3166.699,-1.79720492800439E-4
3168.627,-2.09759380399662E-4
3170.556,-1.99098119600329E-4
3172.484,-1.36090007199552E-4
3174.413,-8.49497464002196E-5
3176.342,-2.68584856008868E-5
3178.27,2.10876267998901E-5
3180.199,3.90488759922317E-6
3182.127,0
3184.056,1.17191161711507E-4
3185.984,1.83034604832179E-4
3187.913,1.43218766543686E-4
3189.842,1.96217928255194E-4
3191.77,3.07537371375866E-4
3193.698,3.20719814496538E-4
3195.627,2.91049976208045E-4
3197.556,2.52953137919552E-4
3199.484,2.63060581040224E-4
3201.413,1.95651742751731E-4
3203.341,1.09451985872403E-4
3205.27,1.1007554758391E-4
3207.198,1.19246390704582E-4
3209.127,1.2851045241609E-4
3211.056,1.17494114127597E-4
3212.984,1.10942357248269E-4
3214.913,1.36913418959776E-4
3216.841,1.50979962080448E-4
3218.77,1.98160123791955E-4
3220.698,1.71113166912627E-4
3222.627,1.28641728624134E-4
3224.556,7.16270903356416E-5
3226.484,5.43743334563137E-5
3228.413,3.10169516782064E-6
3230.341,4.96773828850361E-6
3232.27,0
3234.198,-9.41960076363065E-5
3236.127,-1.50400131090894E-4
3238.055,-1.67712808727209E-4
3239.984,-1.96958102181796E-4
3241.913,-1.83634845636392E-4
3243.841,-1.56385303272698E-4
3245.77,-1.46438546727294E-4
3247.698,-1.227983043636E-4
3249.627,-1.41162447818196E-4
3251.555,-2.31645005454511E-4
3253.484,-2.41446848909098E-4
3255.413,-1.78457192363685E-4
3257.341,-1.8797775E-4
3259.27,-2.24248693454587E-4
3261.198,-2.05265451090902E-4
3263.127,-1.83979594545489E-4
3265.055,-1.85907552181804E-4
3266.984,-1.77490795636392E-4
3268.913,-8.45667390909786E-5
3270.841,-3.00754967272937E-5
3272.77,-6.67174018188083E-6
3274.698,-7.45727978181958E-5
3276.627,-1.21989541272783E-4
3278.555,-1.23702698909098E-4
3280.484,-8.2200742363685E-5
3282.412,0
3284.341,8.72816303472072E-5
3286.27,8.32580606944146E-5
3288.198,3.67221284027681E-5
3290.127,7.51421587499754E-5
3292.055,1.05686626458329E-4
3293.984,7.02691568055361E-5
3295.912,1.0150742451389E-4
3297.841,9.4507354861097E-5
3299.77,3.48147852083043E-5
3301.698,3.90923529166579E-5
3303.627,8.32313832638651E-5
3305.555,6.53138509722187E-5
3307.484,6.43690813194259E-5
3309.412,2.21446490277795E-5
3311.341,-1.16046206250132E-5
3313.27,-2.27324902778059E-5
3315.198,-1.86526225694523E-5
3317.126,-3.95046548610969E-5
3319.055,-2.86093245138897E-5
3320.984,-2.94190941666826E-5
3322.912,-1.76312645832895E-6
3324.841,8.87973038888783E-5
3326.769,1.06535871597232E-4
3328.698,5.81016019444393E-5
3330.626,2.62697696527928E-5
3332.555,0
3334.484,3.22461983666708E-5
3336.412,8.41025642303013E-5
3338.341,4.9123962596972E-5
3340.269,8.98912846060277E-6
3342.198,-2.21803731727267E-5
3344.126,-2.89510073090961E-5
3346.055,1.36405910575747E-5
3347.984,6.44108942424616E-6
3349.912,-5.67952447121237E-5
3351.841,-1.33373146345452E-4
3353.769,-1.04246680481822E-4
3355.698,-9.52145821151512E-5
3357.626,-6.82671162515213E-5
3359.555,-1.63589178848496E-5
3361.483,2.93047479787802E-5
3363.412,1.19887463454517E-5
3365.341,-8.30175528787679E-6
3367.269,-2.40638894242469E-5
3369.198,2.25254089424243E-5
3371.126,6.06527748060544E-5
3373.055,7.76257317272578E-6
3374.983,-6.39957609636446E-5
3376.912,-5.1955662596973E-5
3378.841,2.08117357696986E-5
3380.769,-4.53709836667135E-6
3382.698,0
3384.626,5.82810311196198E-5
3386.555,7.76769015994557E-6
3388.483,-4.26094787204345E-5
3390.412,3.93238031989114E-6
3392.34,8.5947111439511E-5
3394.269,5.92024704798367E-5
3396.198,5.75179295201624E-5
3398.126,7.26885606397842E-5
3400.055,5.60616196801083E-5
3401.983,5.01424507997296E-5
3403.912,1.75203098400553E-5
3405.84,-2.62859040324774E-7
3407.769,3.9997000000001E-5
3409.698,3.55048590403267E-5
3411.626,-1.90943098400535E-5
3413.555,-3.37954507997277E-5
3415.483,-2.70216196801079E-5
3417.412,-2.13376063978215E-6
3419.34,-1.71699295201625E-5
3421.269,-6.21360704798366E-5
3423.198,-3.05432114395109E-5
3425.126,-3.8670380319891E-5
3427.054,-4.72605492002714E-5
3428.983,-5.05916901599455E-5
3430.912,-6.22818311196197E-5
3432.84,0
3434.769,6.28862371617174E-5
3436.697,6.51701864866484E-5
3438.626,1.39734423648366E-4
3440.554,1.05761372973296E-4
3442.483,4.51516101350137E-5
3444.412,1.00741847296732E-4
3446.34,2.34129896621662E-4
3448.269,2.1042843378338E-4
3450.197,9.38779831083101E-5
3452.126,4.08722027002797E-6
3454.054,-3.47583040504178E-6
3455.983,3.28104067566762E-5
3457.912,7.25376439183936E-5
3459.84,-1.68440675667571E-6
3461.769,-5.75271695949582E-5
3463.697,-2.31592202700273E-5
3465.626,5.202601689169E-5
3467.554,6.66059662166208E-5
3469.483,2.42042033783382E-5
3471.411,4.21415270326908E-6
3473.34,1.14080389864986E-4
3475.269,1.08860627026704E-4
3477.197,8.14295763516345E-5
3479.126,1.01264813513352E-4
3481.054,4.23017628382817E-5
3482.983,0
3484.911,1.01214953133102E-4
3486.84,1.51603607590443E-4
3488.769,4.65904620477837E-5
3490.697,-4.6269584819114E-5
3492.626,4.53166696382271E-5
3494.554,1.11997822771329E-4
3496.483,7.10818772286701E-5
3498.411,3.79698303617723E-5
3500.34,8.93770848191134E-5
3502.269,4.95533392764545E-5
3504.197,-1.67387075904434E-5
3506.125,-1.42527544573412E-5
3508.054,8.98054999999998E-5
3509.983,9.95317544573407E-5
3511.911,2.83067075904429E-5
3513.84,2.92719620477841E-5
3515.768,-6.41508481911382E-6
3517.697,-3.18888303617729E-5
3519.625,5.60701227713292E-5
3521.554,1.5743587722867E-4
3523.483,2.16961031686012E-4
3525.411,1.59766684819114E-4
3527.34,1.19273939276455E-4
3529.268,5.01587924095566E-5
3531.197,6.13904686689779E-6
3533.125,0
3535.054,4.28208431047198E-5
3536.983,1.95068620943988E-6
3538.911,-4.7273899842451E-5
3540.84,7.97594326226899E-6
3542.768,1.16705257210378E-4
3544.697,1.93149700315098E-4
3546.625,1.49163214263207E-4
3548.554,4.1952557367927E-5
3550.482,6.40008713160364E-5
3552.411,9.03771144207562E-5
3554.34,6.86414575254791E-5
3556.268,-8.59620285264146E-5
3558.197,-1.10735185421692E-4
3560.125,-7.19663714735855E-5
3562.054,4.90713716311374E-5
3563.982,3.16493485579241E-4
3565.911,5.24955228683964E-4
3567.84,2.40682471788686E-4
3569.768,-8.49104142632073E-5
3571.697,-1.50252271158488E-4
3573.625,-1.08964757210378E-4
3575.554,-1.30930614105658E-4
3577.482,-1.93554000157549E-4
3579.411,-2.72970057052829E-4
3581.34,-2.37549213948109E-4
3583.268,0
3585.197,3.50860920433559E-4
3587.125,3.99412028933251E-4
3589.054,-8.90696506331898E-5
3590.982,-2.82602642133498E-4
3592.911,-3.61455216999389E-5
3594.839,1.46995186799753E-4
3596.768,8.4919607233312E-5
3598.697,-2.09541723331288E-5
3600.625,-1.55543163833437E-4
3602.554,-2.29328543399878E-4
3604.482,-7.63543490018637E-6
3606.411,2.06960885533373E-4
3608.339,-7.93202059669355E-5
3610.268,-4.15291285533376E-4
3612.197,-2.03798765099817E-4
3614.125,3.71284339987469E-6
3616.054,7.79197638334342E-5
3617.982,1.40464672333126E-4
3619.911,-1.50428607233315E-4
3621.839,-2.77380798733624E-4
3623.768,1.12030121699936E-4
3625.697,5.61496892133498E-4
3627.625,8.37455250633187E-4
3629.553,2.34229859132878E-4
3631.482,-1.72165920433562E-4
3633.411,0
3635.339,1.15023103230823E-4
3637.268,1.24366807604404E-4
3639.196,4.61044108352264E-5
3641.125,1.12798152088076E-5
3643.053,2.1358851843963E-4
3644.982,6.89014022813209E-4
3646.911,0.00126086872718679
3648.839,0.00107118583041761
3650.768,3.60473674791191E-4
3652.696,9.52054380220137E-5
3654.625,2.73792922395592E-4
3656.553,1.84626245626418E-4
3658.482,-4.36486500000039E-5
3660.411,-1.48028745626423E-4
3662.339,-2.522175423956E-4
3664.268,-2.19814438022019E-4
3666.196,-2.06993347911963E-5
3668.125,2.20755895582385E-4
3670.053,-3.3258271867926E-6
3671.982,-1.71628222813211E-4
3673.91,4.14337780417611E-4
3675.839,5.78724684791192E-4
3677.768,9.21802391647711E-5
3679.696,-1.27925407604404E-4
3681.625,-1.38482303230825E-4
3683.553,0
3685.482,3.19732176477274E-4
3687.41,6.58290126735537E-4
3689.339,3.84697203212811E-4
3691.268,-1.71270120309915E-4
3693.196,-2.55527870051653E-4
3695.125,3.38227542562149E-6
3697.053,1.05686256683884E-4
3698.982,5.97779331611582E-5
3700.91,-1.40358026580579E-4
3702.839,-3.85399640103305E-4
3704.768,-3.34593563626031E-4
3706.696,-7.18943233677684E-5
3708.625,2.36146863109506E-4
3710.553,2.12089513367768E-4
3712.482,-4.55205010154958E-4
3714.41,-8.36381059896695E-4
3716.339,-6.54396983419421E-4
3718.267,-3.01548973161158E-4
3720.196,-4.72929566838841E-5
3722.125,-3.45272802066102E-5
3724.053,-2.16338029948348E-4
3725.982,-2.35864553471074E-4
3727.91,-1.63531203212811E-4
3729.839,2.10955732644632E-5
3731.767,3.59430235227209E-5
3733.696,0
3735.625,-5.83095719163258E-5
3737.553,-4.82508855666786E-4
3739.482,-5.57592227583112E-4
3741.41,-2.69409441333579E-4
3743.339,2.29564816750095E-4
3745.267,6.29313299962739E-6
3747.196,-1.17001638916698E-4
3749.125,1.32582889166992E-4
3751.053,2.58538005416508E-4
3752.981,1.3977922166604E-4
3754.91,1.90838349749715E-4
3756.839,2.71705577833405E-4
3758.767,1.54004994082921E-4
3760.696,-7.94473778333888E-5
3762.624,-4.09084615838724E-5
3764.553,9.80317164998177E-5
3766.481,1.06056302749334E-4
3768.41,2.30335150833024E-4
3770.339,4.94681389166984E-5
3772.267,-2.10228244833769E-4
3774.196,-1.97923716750095E-4
3776.124,-6.05776005005629E-5
3778.053,1.78980227583111E-4
3779.981,8.43867438326437E-5
3781.91,-1.12790328083682E-4
3783.839,0
3785.767,3.65165120537679E-5
3787.696,-5.35178911351759E-5
3789.624,-1.14110790814081E-5
3791.553,-4.03409822703518E-5
3793.481,-1.22087770216584E-4
3795.41,-1.88472473405528E-4
3797.338,-9.45166613517598E-5
3799.267,1.71608235459296E-4
3801.196,3.32402732270353E-4
3803.124,2.90239174324121E-4
3805.053,3.98990191135177E-4
3806.981,3.23288763188945E-4
3808.91,1.24709050000001E-4
3810.838,1.14914362053769E-4
3812.767,2.76500018864825E-4
3814.696,5.17040655675881E-4
3816.624,3.64194437729649E-4
3818.553,3.79447794540706E-4
3820.481,4.89138376594472E-4
3822.41,5.51036734055277E-5
3824.338,-2.28064145407045E-5
3826.267,1.33380582270352E-4
3828.196,7.78731790814081E-5
3830.124,8.48373911351759E-5
3832.052,2.78142031889437E-5
3833.981,0
3835.91,1.74601535770778E-4
3837.838,3.62136673855828E-4
3839.767,3.37490709626605E-4
3841.695,-1.31356522883452E-5
3843.624,-3.76521916517567E-4
3845.552,-3.26777178432518E-4
3847.481,-5.62846426617398E-5
3849.41,2.21835177109039E-4
3851.338,4.65623931194088E-4
3853.267,-6.68488330351337E-5
3855.195,-3.79810294950085E-4
3857.124,-1.00402659179306E-4
3859.052,2.10772789057426E-5
3860.981,1.07044554676521E-4
3862.91,7.90642504472991E-5
3864.838,-2.30998911467651E-4
3866.767,-2.79944675696874E-4
3868.695,6.3763762388176E-5
3870.624,9.45349815895396E-6
3872.552,-7.24015637559966E-5
3874.481,-1.75167627985219E-4
3876.409,-3.93576489900169E-4
3878.338,-8.90587541293912E-5
3880.267,1.33867601641387E-4
3882.195,-1.43771580273564E-4
3884.124,-2.61718244502786E-4
3886.052,-4.02201606417736E-4
3887.981,-4.28698470646958E-4
3889.909,-1.40682432561909E-4
3891.838,-2.49066096791131E-4
3893.767,-5.08312061020353E-4
3895.695,-4.09833922935304E-4
3897.624,-3.95704871645255E-5
3899.552,2.45632950920524E-4
3901.481,1.97028886691302E-4
3903.409,4.58908147763508E-5
3905.338,-1.59206239452871E-4
3907.267,-2.11642103682093E-4
3909.195,-7.21576655970438E-5
3911.124,-5.91310298262659E-5
3913.052,-1.95320291741217E-4
3914.981,-1.92626559704385E-5
3916.909,1.54285372114611E-4
3918.838,6.8448197885389E-5
3920.766,2.75137459704384E-5
3922.695,7.66231417412164E-5
3924.624,6.46413775119944E-5
3926.552,-2.78041344029562E-5
3928.481,1.26128731367822E-4
3930.409,2.09885039452871E-4
3932.338,8.19859552236493E-5
3934.266,-6.79683866913013E-5
3936.195,-5.26879509205233E-5
3938.124,-1.40875115149745E-4
3940.052,-1.47188477064696E-4
3941.981,4.12417870608205E-6
3943.909,8.60933679113152E-6
3945.838,-3.93800674380906E-5
3947.766,4.0670570646959E-5
3949.695,-1.58696235822631E-5
3951.623,-1.52817355497214E-4
3953.552,-2.22115619726436E-4
3955.48,-1.66703881641386E-4
3957.409,-9.83023458706082E-5
3959.338,-1.4359991009983E-4
3961.266,-1.67432672014781E-4
3963.195,-2.01796436244002E-4
3965.123,-2.08341298158953E-4
3967.052,-9.68866623881748E-5
3968.98,2.12258556968741E-5
3970.909,9.06886114676527E-5
3972.838,5.57417972384306E-5
3974.766,7.90169153234801E-5
3976.695,9.63271710942581E-5
3978.623,1.12844379179308E-4
3980.552,2.22432694950086E-4
3982.48,2.96276233035134E-4
3984.409,3.86413968805913E-4
3986.337,4.89409406890962E-4
3988.266,5.2644354266174E-4
3990.195,6.42977778432518E-4
3992.123,7.38404116517567E-4
3994.052,7.51099152288345E-4
3995.98,7.30871290373395E-4
3997.909,7.03308126144173E-4
3999.837,5.81179764229222E-4
4001.766,2.71050543121376E-20
